0 2.430000 2 -1.522210 2.650690 0.000000 0.000000
0 2.430000 1 6.093620 3.002950 0.000000 0.000000
1 2.510000 2 -1.425117 2.681108 0.048547 0.015209
1 2.510000 1 5.971060 3.010959 -0.061280 0.004004
2 2.590000 2 -1.330082 2.692359 0.079539 0.012571
2 2.590000 1 5.838252 3.011801 -0.108966 0.001896
3 2.670000 2 -1.229711 2.695017 0.089955 0.007614
3 2.670000 1 5.710598 2.998412 -0.118310 -0.005747
4 2.750000 2 -1.120283 2.692433 0.097425 0.003702
4 2.750000 1 5.592104 2.991576 -0.118381 -0.006165
5 2.830000 2 -0.993629 2.686768 0.106436 0.000814
5 2.830000 1 5.463662 2.980793 -0.121482 -0.007588
6 2.910000 2 -0.846191 2.685887 0.116970 0.000379
6 2.910000 1 5.304756 2.974007 -0.131097 -0.007382
7 2.990000 2 -0.696674 2.669588 0.124130 -0.003290
7 2.990000 1 5.140287 2.971386 -0.138439 -0.006335
8 3.070000 2 -0.562172 2.668617 0.126125 -0.002844
8 3.070000 1 4.974507 2.968514 -0.143696 -0.005669
9 3.150000 2 -0.442852 2.674164 0.124962 -0.001411
9 3.150000 1 4.815248 2.968237 -0.146354 -0.004748
10 3.230000 2 -0.332105 2.680912 0.122778 -0.000157
10 3.230000 1 4.666819 2.957938 -0.146673 -0.005601
11 3.310000 2 -0.218514 2.682136 0.121494 0.000036
11 3.310000 1 4.513829 2.932803 -0.147556 -0.008331
12 3.390000 2 -0.095160 2.679496 0.121733 -0.000307
12 3.390000 1 4.353829 2.907550 -0.149151 -0.010501
13 3.470000 2 0.037471 2.668147 0.123025 -0.001617
13 3.470000 1 4.211201 2.898041 -0.148378 -0.010383
14 3.550000 2 0.168868 2.650129 0.123949 -0.003428
14 3.550000 1 4.078454 2.894790 -0.146652 -0.009596
15 3.630000 2 0.296485 2.638314 0.124329 -0.004295
15 3.630000 1 3.952704 2.894206 -0.144490 -0.008664
16 3.710000 2 0.416559 2.626818 0.123914 -0.004996
16 3.710000 1 3.833473 2.891204 -0.142030 -0.008112
17 3.790000 2 0.535446 2.613868 0.123451 -0.005730
17 3.790000 1 3.721058 2.886072 -0.139299 -0.007837
18 3.870000 2 0.648465 2.597661 0.122536 -0.006649
18 3.870000 1 3.602267 2.884538 -0.137500 -0.007284
19 3.950000 2 0.768717 2.578512 0.122344 -0.007696
19 3.950000 1 3.473036 2.881455 -0.136807 -0.006932
20 4.030000 2 0.892420 2.552130 0.122453 -0.009198
20 4.030000 1 3.339566 2.879055 -0.136539 -0.006568
21 4.110000 2 1.016416 2.528010 0.122573 -0.010353
21 4.110000 1 3.206938 2.874008 -0.136236 -0.006450
22 4.190000 2 1.138062 2.507717 0.122504 -0.011097
22 4.190000 1 3.074900 2.863168 -0.135922 -0.006779
23 4.270000 2 1.257405 2.489101 0.122274 -0.011643
23 4.270000 1 2.952120 2.855741 -0.134968 -0.006826
24 4.350000 2 1.371503 2.472512 0.121696 -0.011993
24 4.350000 1 2.830419 2.842506 -0.134030 -0.007279
25 4.430000 2 1.488686 2.457020 0.121385 -0.012234
25 4.430000 1 2.708639 2.828444 -0.133184 -0.007747
26 4.510000 2 1.614874 2.438931 0.121709 -0.012630
26 4.510000 1 2.585211 2.816455 -0.132525 -0.008034
27 4.590000 2 1.744199 2.417107 0.122215 -0.013241
27 4.590000 1 2.466358 2.806011 -0.131617 -0.008194
28 4.670000 2 1.867359 2.389114 0.122277 -0.014206
28 4.670000 1 2.357081 2.792602 -0.130155 -0.008535
29 4.750000 2 1.988408 2.366150 0.122198 -0.014772
29 4.750000 1 2.250480 2.788662 -0.128634 -0.008238
30 4.830000 2 2.107477 2.346752 0.121998 -0.015067
30 4.830000 1 2.136619 2.796083 -0.127689 -0.007237
31 4.910000 2 2.223564 2.328434 0.121623 -0.015273
31 4.910000 1 2.030179 2.802823 -0.126343 -0.006352
32 4.990000 2 2.342147 2.308576 0.121432 -0.015562
32 4.990000 1 1.932280 2.804303 -0.124552 -0.005859
33 5.070000 2 2.467120 2.291974 0.121654 -0.015627
33 5.070000 1 1.832961 2.802671 -0.122972 -0.005594
34 5.150000 2 2.596874 2.283464 0.122159 -0.015183
34 5.150000 1 1.729422 2.801855 -0.121759 -0.005296
35 5.230000 2 2.726820 2.279072 0.122644 -0.014512
35 5.230000 1 1.621216 2.797072 -0.120915 -0.005264
36 5.310000 2 2.854741 2.278103 0.122972 -0.013670
36 5.310000 1 1.511891 2.786979 -0.120195 -0.005564
37 5.390000 2 2.978144 2.280851 0.122998 -0.012651
37 5.390000 1 1.407569 2.781726 -0.119210 -0.005545
38 5.470000 2 3.101120 2.289032 0.122997 -0.011357
38 5.470000 1 1.307063 2.777489 -0.118048 -0.005463
39 5.550000 2 3.228306 2.303402 0.123257 -0.009759
39 5.550000 1 1.205742 2.774123 -0.117009 -0.005333
40 5.630000 2 3.359864 2.321543 0.123773 -0.008025
40 5.630000 1 1.095884 2.766262 -0.116565 -0.005490
41 5.710000 2 3.491719 2.343361 0.124276 -0.006168
41 5.710000 1 0.984720 2.756488 -0.116229 -0.005757
42 5.790000 2 3.620243 2.368816 0.124541 -0.004197
42 5.790000 1 0.875464 2.750455 -0.115794 -0.005774
43 5.870000 2 3.740967 2.390073 0.124303 -0.002609
43 5.870000 1 0.768465 2.746790 -0.115245 -0.005642
44 5.950000 2 3.857834 2.415944 0.123838 -0.000829
44 5.950000 1 0.664533 2.744125 -0.114538 -0.005456
45 6.030000 2 3.973216 2.440052 0.123309 0.000731
45 6.030000 1 0.563059 2.740636 -0.113721 -0.005333
46 6.110000 2 4.095505 2.472950 0.123245 0.002747
46 6.110000 1 0.459207 2.737004 -0.113102 -0.005227
47 6.190000 2 4.222785 2.511031 0.123498 0.004964
47 6.190000 1 0.349381 2.732180 -0.112897 -0.005201
48 6.270000 2 4.351313 2.550306 0.123814 0.007120
48 6.270000 1 0.236978 2.718764 -0.112866 -0.005717
49 6.350000 2 4.474811 2.591681 0.123794 0.009274
49 6.350000 1 0.124751 2.710820 -0.112826 -0.005857
50 6.430000 2 4.595067 2.630580 0.123572 0.011139
50 6.430000 1 0.015140 2.708521 -0.112623 -0.005633
51 6.510000 2 4.711721 2.669484 0.123136 0.012889
51 6.510000 1 -0.089634 2.706687 -0.112129 -0.005394
52 6.590000 2 4.830874 2.707381 0.122884 0.014466
52 6.590000 1 -0.196297 2.703301 -0.111784 -0.005267
53 6.670000 2 4.955088 2.744075 0.122968 0.015868
53 6.670000 1 -0.309544 2.699349 -0.111876 -0.005184
54 6.750000 2 5.080554 2.778930 0.123126 0.017067
54 6.750000 1 -0.426014 2.689065 -0.112166 -0.005506
55 6.830000 2 5.203788 2.812995 0.123133 0.018141
55 6.830000 1 -0.540664 2.676723 -0.112323 -0.005938
56 6.910000 2 5.324380 2.844187 0.122972 0.018965
56 6.910000 1 -0.652232 2.667732 -0.112276 -0.006131
57 6.990000 2 5.431520 2.864643 0.121972 0.019060
57 6.990000 1 -0.760698 2.660748 -0.112035 -0.006185
58 7.070000 2 5.533991 2.880422 0.120739 0.018852
58 7.070000 1 -0.865543 2.655489 -0.111580 -0.006126
59 7.150000 2 5.641209 2.894692 0.119884 0.018562
59 7.150000 1 -0.973593 2.651509 -0.111357 -0.005991
60 7.230000 2 5.762677 2.917629 0.119984 0.018839
60 7.230000 1 -1.086052 2.644058 -0.111427 -0.006083
61 7.310000 2 5.890314 2.938621 0.120468 0.018975
61 7.310000 1 -1.200980 2.634114 -0.111648 -0.006327
62 15.240000 3 6.097450 2.939840 0.000000 0.000000
62 15.240000 4 -1.507910 2.581380 0.000000 0.000000
63 15.320000 3 5.993512 2.941236 -0.051969 0.000698
63 15.320000 4 -1.417928 2.616393 0.044991 0.017507
64 15.400000 3 5.869300 2.940347 -0.100131 -0.000360
64 15.400000 4 -1.324507 2.650092 0.077278 0.028301
65 15.480000 3 5.731577 2.936775 -0.118928 -0.001966
65 15.480000 4 -1.230575 2.676107 0.085605 0.027158
66 15.560000 3 5.620490 2.947825 -0.115920 0.003027
66 15.560000 4 -1.154772 2.692751 0.081845 0.023125
67 15.640000 3 5.516178 2.946677 -0.112342 0.001740
67 15.640000 4 -1.062072 2.703109 0.085191 0.019189
68 15.720000 3 5.419128 2.949223 -0.108413 0.001947
68 15.720000 4 -0.945892 2.712549 0.093153 0.016684
69 15.800000 3 5.330163 2.948044 -0.104134 0.001259
69 15.800000 4 -0.817930 2.719925 0.100811 0.014637
70 15.880000 3 5.240984 2.948113 -0.101259 0.001030
70 15.880000 4 -0.689870 2.704150 0.106050 0.008789
71 15.960000 3 5.140272 2.943071 -0.101165 -0.000007
71 15.960000 4 -0.574750 2.703536 0.107599 0.007183
72 16.040000 3 5.021140 2.943557 -0.103926 0.000069
72 16.040000 4 -0.472355 2.711499 0.106800 0.007303
73 16.120000 3 4.898554 2.942726 -0.106534 -0.000057
73 16.120000 4 -0.378917 2.717521 0.104932 0.007124
74 16.200000 3 4.776656 2.939529 -0.108504 -0.000459
74 16.200000 4 -0.278516 2.718031 0.104351 0.006276
75 16.280000 3 4.654327 2.926352 -0.110143 -0.001967
75 16.280000 4 -0.166675 2.706427 0.105240 0.004156
76 16.360000 3 4.534084 2.915934 -0.111258 -0.002900
76 16.360000 4 -0.054150 2.681786 0.106044 0.000976
77 16.440000 3 4.413453 2.903226 -0.112228 -0.003915
77 16.440000 4 0.056486 2.665801 0.106519 -0.000778
78 16.520000 3 4.292540 2.887438 -0.113074 -0.005071
78 16.520000 4 0.162491 2.655954 0.106469 -0.001661
79 16.600000 3 4.171394 2.873108 -0.113818 -0.005925
79 16.600000 4 0.260238 2.647442 0.105664 -0.002293
80 16.680000 3 4.058836 2.872341 -0.113707 -0.005473
80 16.680000 4 0.353476 2.642161 0.104575 -0.002555
81 16.760000 3 3.951758 2.873614 -0.113152 -0.004907
81 16.760000 4 0.444852 2.636082 0.103469 -0.002850
82 16.840000 3 3.849000 2.877386 -0.112316 -0.004210
82 16.840000 4 0.543568 2.628886 0.103087 -0.003200
83 16.920000 3 3.748308 2.879868 -0.111416 -0.003692
83 16.920000 4 0.643227 2.612090 0.102821 -0.004252
84 17.000000 3 3.651045 2.880287 -0.110357 -0.003384
84 17.000000 4 0.744870 2.599470 0.102733 -0.004878
85 17.080000 3 3.550560 2.879063 -0.109640 -0.003227
85 17.080000 4 0.847016 2.590584 0.102690 -0.005169
86 17.160000 3 3.444495 2.877026 -0.109388 -0.003143
86 17.160000 4 0.946479 2.583483 0.102462 -0.005306
87 17.240000 3 3.333705 2.877417 -0.109484 -0.002899
87 17.240000 4 1.042208 2.575436 0.101997 -0.005495
88 17.320000 3 3.219453 2.874118 -0.109807 -0.002926
88 17.320000 4 1.141270 2.563709 0.101799 -0.005917
89 17.400000 3 3.102661 2.865286 -0.110271 -0.003318
89 17.400000 4 1.245618 2.549460 0.101968 -0.006470
90 17.480000 3 2.988739 2.855817 -0.110510 -0.003721
90 17.480000 4 1.353901 2.530454 0.102381 -0.007290
91 17.560000 3 2.878365 2.848958 -0.110501 -0.003923
91 17.560000 4 1.460218 2.503835 0.102636 -0.008539
92 17.640000 3 2.767306 2.842684 -0.110537 -0.004074
92 17.640000 4 1.562793 2.476157 0.102632 -0.009762
93 17.720000 3 2.649070 2.831908 -0.111025 -0.004499
93 17.720000 4 1.661980 2.450582 0.102413 -0.010764
94 17.800000 3 2.533229 2.824388 -0.111328 -0.004689
94 17.800000 4 1.758419 2.428230 0.102037 -0.011494
95 17.880000 3 2.423812 2.810444 -0.111208 -0.005268
95 17.880000 4 1.854363 2.408036 0.101656 -0.012039
96 17.960000 3 2.312506 2.808218 -0.111214 -0.005079
96 17.960000 4 1.953131 2.384918 0.101476 -0.012730
97 18.040000 3 2.196688 2.813239 -0.111501 -0.004450
97 18.040000 4 2.059661 2.368920 0.101790 -0.012933
98 18.120000 3 2.084712 2.816867 -0.111530 -0.003948
98 18.120000 4 2.167741 2.358041 0.102181 -0.012806
99 18.200000 3 1.976456 2.815385 -0.111327 -0.003795
99 18.200000 4 2.273645 2.348130 0.102412 -0.012626
100 18.280000 3 1.869685 2.811099 -0.111044 -0.003825
100 18.280000 4 2.376003 2.338164 0.102409 -0.012461
101 18.360000 3 1.760500 2.805693 -0.110929 -0.003924
101 18.360000 4 2.475956 2.328140 0.102256 -0.012309
102 18.440000 3 1.651134 2.797815 -0.110831 -0.004169
102 18.440000 4 2.579022 2.317715 0.102307 -0.012192
103 18.520000 3 1.542942 2.789588 -0.110667 -0.004422
103 18.520000 4 2.684582 2.309541 0.102509 -0.011942
104 18.600000 3 1.438030 2.782850 -0.110309 -0.004566
104 18.600000 4 2.789692 2.302316 0.102671 -0.011648
105 18.680000 3 1.336058 2.778474 -0.109788 -0.004554
105 18.680000 4 2.892214 2.297818 0.102662 -0.011202
106 18.760000 3 1.231651 2.775029 -0.109452 -0.004485
106 18.760000 4 2.988829 2.289900 0.102284 -0.010997
107 18.840000 3 1.122269 2.765880 -0.109448 -0.004777
107 18.840000 4 3.077504 2.279441 0.101432 -0.010963
108 18.920000 3 1.012666 2.758044 -0.109457 -0.004969
108 18.920000 4 3.166208 2.272722 0.100635 -0.010697
109 19.000000 3 0.903680 2.752681 -0.109428 -0.004993
109 19.000000 4 3.261608 2.272529 0.100306 -0.010038
110 19.080000 3 0.796946 2.748403 -0.109259 -0.004948
110 19.080000 4 3.365575 2.282401 0.100536 -0.008787
111 19.160000 3 0.693029 2.743543 -0.108923 -0.004943
111 19.160000 4 3.471919 2.299253 0.100901 -0.007175
112 19.240000 3 0.588455 2.738290 -0.108649 -0.004962
112 19.240000 4 3.578644 2.316861 0.101268 -0.005615
113 19.320000 3 0.481364 2.733371 -0.108551 -0.004960
113 19.320000 4 3.683390 2.333690 0.101487 -0.004200
114 19.400000 3 0.369386 2.727759 -0.108767 -0.005001
114 19.400000 4 3.782735 2.350432 0.101352 -0.002880
115 19.480000 3 0.253308 2.714842 -0.109228 -0.005500
115 19.480000 4 3.884001 2.368010 0.101347 -0.001589
116 19.560000 3 0.137960 2.707023 -0.109615 -0.005647
116 19.560000 4 3.989505 2.387535 0.101609 -0.000256
117 19.640000 3 0.024627 2.704330 -0.109849 -0.005460
117 19.640000 4 4.098580 2.407413 0.102081 0.001016
118 19.720000 3 -0.086026 2.703560 -0.109900 -0.005164
118 19.720000 4 4.208372 2.427285 0.102568 0.002207
119 19.800000 3 -0.196845 2.703249 -0.109958 -0.004857
119 19.800000 4 4.316272 2.445774 0.102905 0.003236
120 19.880000 3 -0.312613 2.702151 -0.110326 -0.004619
120 19.880000 4 4.417475 2.459776 0.102797 0.003917
121 19.960000 3 -0.431738 2.698035 -0.110882 -0.004588
121 19.960000 4 4.512131 2.473726 0.102283 0.004551
122 20.040000 3 -0.549011 2.689422 -0.111286 -0.004842
122 20.040000 4 4.605444 2.488225 0.101715 0.005180
123 20.120000 3 -0.664536 2.684914 -0.111554 -0.004821
123 20.120000 4 4.705710 2.504812 0.101624 0.005901
124 20.200000 3 -0.777779 2.682401 -0.111661 -0.004675
124 20.200000 4 4.812020 2.525650 0.101920 0.006846
125 20.280000 3 -0.890742 2.681167 -0.111743 -0.004457
125 20.280000 4 4.920618 2.549119 0.102342 0.007897
126 20.360000 3 -1.004548 2.679705 -0.111874 -0.004268
126 20.360000 4 5.028199 2.573205 0.102674 0.008921
127 20.440000 3 -1.122920 2.678350 -0.112285 -0.004084
127 20.440000 4 5.132423 2.596373 0.102772 0.009822
128 20.520000 3 -1.242401 2.674645 -0.112740 -0.004060
128 20.520000 4 5.232681 2.617413 0.102613 0.010531
129 20.600000 3 -1.363996 2.674750 -0.113299 -0.003797
129 20.600000 4 5.331077 2.639591 0.102346 0.011267
130 20.680000 3 -1.486118 2.676595 -0.113857 -0.003440
130 20.680000 4 5.435308 2.660542 0.102465 0.011880
131 20.760000 3 -1.603835 2.680801 -0.114101 -0.002957
131 20.760000 4 5.543807 2.679998 0.102847 0.012359
132 20.840000 3 -1.719136 2.685234 -0.114177 -0.002489
132 20.840000 4 5.652449 2.698978 0.103213 0.012777
133 20.920000 3 -1.839502 2.688581 -0.114568 -0.002121
133 20.920000 4 5.759985 2.717563 0.103486 0.013144
134 21.000000 3 -1.966661 2.687992 -0.115364 -0.002024
134 21.000000 4 5.863147 2.731233 0.103466 0.013177
135 21.080000 3 -2.094184 2.687850 -0.116133 -0.001905
135 21.080000 4 5.961160 2.744802 0.103121 0.013202
136 21.160000 3 -2.215405 2.680232 -0.116454 -0.002266
136 21.160000 4 6.057957 2.755943 0.102722 0.013072
137 28.680000 5 -1.537620 2.645380 0.000000 0.000000
137 28.680000 6 5.833530 2.932220 0.000000 0.000000
138 28.760000 5 -1.468989 2.640793 0.034316 -0.002293
138 28.760000 6 5.738179 2.934256 -0.047676 0.001018
139 28.840000 5 -1.383263 2.626004 0.068590 -0.010624
139 28.840000 6 5.614164 2.929319 -0.098569 -0.002952
140 28.920000 5 -1.250525 2.625460 0.100665 -0.005584
140 28.920000 6 5.480726 2.924376 -0.116004 -0.003947
141 29.000000 5 -1.102334 2.625936 0.118896 -0.003259
141 29.000000 6 5.364324 2.913542 -0.116156 -0.006589
142 29.080000 5 -0.954108 2.618224 0.127937 -0.004632
142 29.080000 6 5.250475 2.918424 -0.115445 -0.003053
143 29.160000 5 -0.823149 2.604756 0.128714 -0.006902
143 29.160000 6 5.150618 2.919128 -0.111440 -0.002088
144 29.240000 5 -0.711984 2.611170 0.124853 -0.003973
144 29.240000 6 5.056179 2.911602 -0.107700 -0.003284
145 29.320000 5 -0.614561 2.617994 0.119579 -0.001897
145 29.320000 6 4.963060 2.905530 -0.104896 -0.003820
146 29.400000 5 -0.512088 2.620156 0.116657 -0.001204
146 29.400000 6 4.858426 2.901772 -0.104852 -0.003809
147 29.480000 5 -0.394069 2.615041 0.116867 -0.001805
147 29.480000 6 4.739485 2.897226 -0.107017 -0.003923
148 29.560000 5 -0.266374 2.592003 0.118380 -0.004772
148 29.560000 6 4.614621 2.894732 -0.109511 -0.003723
149 29.640000 5 -0.140401 2.571621 0.119354 -0.006773
149 29.640000 6 4.488909 2.888966 -0.111588 -0.003985
150 29.720000 5 -0.016653 2.559063 0.119875 -0.007459
150 29.720000 6 4.361546 2.877044 -0.113459 -0.004926
151 29.800000 5 0.098794 2.549167 0.119386 -0.007728
151 29.800000 6 4.242209 2.866685 -0.114108 -0.005526
152 29.880000 5 0.207884 2.535598 0.118321 -0.008332
152 29.880000 6 4.129037 2.856783 -0.114011 -0.005978
153 29.960000 5 0.317490 2.519523 0.117472 -0.009087
153 29.960000 6 4.013040 2.849517 -0.114204 -0.006104
154 30.040000 5 0.437653 2.499881 0.117720 -0.010060
154 30.040000 6 3.899019 2.841591 -0.114187 -0.006272
155 30.120000 5 0.558195 2.474435 0.117968 -0.011409
155 30.120000 6 3.788127 2.839871 -0.113898 -0.005873
156 30.200000 5 0.675239 2.452398 0.117890 -0.012300
156 30.200000 6 3.681608 2.839187 -0.113280 -0.005438
157 30.280000 5 0.793477 2.429782 0.117918 -0.013129
157 30.280000 6 3.579123 2.835774 -0.112412 -0.005275
158 30.360000 5 0.906595 2.407370 0.117547 -0.013848
158 30.360000 6 3.482428 2.832785 -0.111195 -0.005098
159 30.440000 5 1.018113 2.385165 0.117095 -0.014473
159 30.440000 6 3.387783 2.830302 -0.109957 -0.004902
160 30.520000 5 1.130349 2.362480 0.116743 -0.015070
160 30.520000 6 3.289237 2.828918 -0.109128 -0.004647
161 30.600000 5 1.248334 2.335892 0.116830 -0.015884
161 30.600000 6 3.185243 2.828340 -0.108765 -0.004359
162 30.690000 5 1.367506 2.303299 0.116992 -0.017037
162 30.690000 6 3.076839 2.829105 -0.108740 -0.004006
163 30.770000 5 1.480100 2.266586 0.116694 -0.018369
163 30.770000 6 2.967526 2.824548 -0.108779 -0.004043
164 30.850000 5 1.593418 2.238049 0.116470 -0.019045
164 30.850000 6 2.857210 2.814278 -0.108881 -0.004457
165 30.920000 5 1.706086 2.215279 0.116221 -0.019289
165 30.920000 6 2.750757 2.804097 -0.108722 -0.004832
166 31.000000 5 1.817859 2.194336 0.115933 -0.019396
166 31.000000 6 2.650711 2.797208 -0.108161 -0.004965
167 31.090000 5 1.933097 2.174487 0.115889 -0.019425
167 31.090000 6 2.550284 2.789899 -0.107667 -0.005115
168 31.160000 5 2.050523 2.154879 0.115986 -0.019436
168 31.160000 6 2.448195 2.792691 -0.107313 -0.004613
169 31.250000 5 2.174684 2.142113 0.116501 -0.019016
169 31.250000 6 2.347390 2.794850 -0.106903 -0.004187
170 31.320000 5 2.298951 2.133931 0.116988 -0.018337
170 31.320000 6 2.249956 2.795748 -0.106309 -0.003868
171 31.400000 5 2.421923 2.129637 0.117362 -0.017460
171 31.400000 6 2.154848 2.795344 -0.105610 -0.003652
172 31.480000 5 2.540565 2.128243 0.117442 -0.016460
172 31.480000 6 2.064724 2.794502 -0.104646 -0.003477
173 31.560000 5 2.659345 2.129975 0.117525 -0.015330
173 31.560000 6 1.977482 2.793228 -0.103564 -0.003340
174 31.640000 5 2.782103 2.135154 0.117849 -0.014057
174 31.640000 6 1.888369 2.791366 -0.102668 -0.003248
175 31.720000 5 2.909686 2.141412 0.118453 -0.012796
175 31.720000 6 1.794122 2.791293 -0.102145 -0.003051
176 31.800000 5 3.037564 2.147670 0.119038 -0.011614
176 31.800000 6 1.697155 2.788695 -0.101824 -0.003023
177 31.880000 5 3.160465 2.154059 0.119278 -0.010496
177 31.880000 6 1.596457 2.779723 -0.101754 -0.003392
178 31.960000 5 3.277148 2.160879 0.119117 -0.009419
178 31.960000 6 1.497151 2.773711 -0.101602 -0.003555
179 32.040000 5 3.389050 2.169413 0.118668 -0.008301
179 32.040000 6 1.403432 2.771217 -0.101111 -0.003489
180 32.120000 5 3.498486 2.176908 0.118092 -0.007316
180 32.120000 6 1.312066 2.767388 -0.100503 -0.003510
181 32.200000 5 3.617293 2.192827 0.118137 -0.005866
181 32.200000 6 1.217680 2.763746 -0.100121 -0.003519
182 32.280000 5 3.744691 2.215148 0.118716 -0.004103
182 32.280000 6 1.119064 2.755726 -0.100027 -0.003800
183 32.360000 5 3.874620 2.242690 0.119418 -0.002122
183 32.360000 6 1.020587 2.748606 -0.099930 -0.004008
184 32.440000 5 4.004468 2.272053 0.120072 -0.000147
184 32.440000 6 0.923431 2.745304 -0.099756 -0.003964
185 32.520000 5 4.129589 2.304056 0.120389 0.001871
185 32.520000 6 0.828326 2.743583 -0.099464 -0.003823
186 32.600000 5 4.251700 2.336227 0.120497 0.003776
186 32.600000 6 0.735984 2.742815 -0.099016 -0.003631
187 32.680000 5 4.374663 2.369641 0.120653 0.005641
187 32.680000 6 0.643957 2.742232 -0.098577 -0.003439
188 32.770000 5 4.501662 2.405597 0.121052 0.007551
188 32.770000 6 0.551185 2.740314 -0.098211 -0.003343
189 32.840000 5 4.630492 2.442404 0.121543 0.009397
189 32.840000 6 0.452803 2.738929 -0.098222 -0.003220
190 32.920000 5 4.758600 2.480332 0.121957 0.011198
190 32.920000 6 0.351465 2.729900 -0.098418 -0.003586
191 33.010000 5 4.882886 2.517810 0.122105 0.012857
191 33.010000 6 0.249856 2.723892 -0.098620 -0.003739
192 33.090000 5 4.999321 2.549841 0.121746 0.014070
192 33.090000 6 0.151000 2.722671 -0.098635 -0.003580
193 33.170000 5 5.109470 2.579098 0.121012 0.015031
193 33.170000 6 0.054909 2.722349 -0.098474 -0.003374
194 33.250000 5 5.219486 2.607240 0.120316 0.015861
194 33.250000 6 -0.041872 2.722177 -0.098367 -0.003171
195 33.330000 5 5.338890 2.639074 0.120258 0.016873
195 33.330000 6 -0.144143 2.720065 -0.098614 -0.003104
196 33.410000 5 5.464544 2.674365 0.120600 0.018040
196 33.410000 6 -0.250352 2.712132 -0.099095 -0.003410
197 33.490000 5 5.590585 2.712903 0.120945 0.019340
197 33.490000 6 -0.354653 2.701577 -0.099425 -0.003863
198 33.570000 5 5.714162 2.748085 0.121112 0.020344
198 33.570000 6 -0.458817 2.695521 -0.099726 -0.004002
199 33.640000 5 5.831974 2.782467 0.120902 0.021233
199 33.640000 6 -0.559500 2.691648 -0.099786 -0.003994
200 33.730000 5 5.947960 2.815961 0.120591 0.022010
200 33.730000 6 -0.658408 2.688800 -0.099731 -0.003921
201 41.330000 7 5.956630 2.903750 0.000000 0.000000
201 41.330000 8 -1.624290 2.610090 0.000000 0.000000
202 41.410000 7 5.840923 2.895883 -0.057853 -0.003933
202 41.410000 8 -1.544121 2.635130 0.040084 0.012520
203 41.490000 7 5.700390 2.865174 -0.112974 -0.021784
203 41.490000 8 -1.465775 2.648930 0.065592 0.013373
204 41.570000 7 5.591477 2.883478 -0.110943 -0.001740
204 41.570000 8 -1.392348 2.662948 0.069510 0.013696
205 41.650000 7 5.495477 2.908512 -0.105211 0.008531
205 41.650000 8 -1.303779 2.678661 0.076821 0.014469
206 41.730000 7 5.394521 2.924307 -0.103899 0.010770
206 41.730000 8 -1.185145 2.692215 0.089711 0.014187
207 41.810000 7 5.295794 2.927232 -0.102571 0.008755
207 41.810000 8 -1.060488 2.696344 0.098690 0.011603
208 41.890000 7 5.214175 2.916387 -0.097961 0.004443
208 41.890000 8 -0.929013 2.674913 0.105902 0.004336
209 41.970000 7 5.115891 2.908314 -0.098023 0.002036
209 41.970000 8 -0.812375 2.674111 0.107966 0.003348
210 42.050000 7 5.003266 2.902097 -0.100517 0.000627
210 42.050000 8 -0.711956 2.691154 0.106678 0.005687
211 42.130000 7 4.880642 2.890390 -0.103914 -0.001269
211 42.130000 8 -0.623294 2.708195 0.103909 0.007431
212 42.210000 7 4.751469 2.881261 -0.107444 -0.002367
212 42.210000 8 -0.530602 2.720991 0.102342 0.008181
213 42.290000 7 4.621001 2.876247 -0.110396 -0.002706
213 42.290000 8 -0.426940 2.730605 0.102511 0.008365
214 42.370000 7 4.491071 2.868465 -0.112712 -0.003308
214 42.370000 8 -0.310010 2.725965 0.104221 0.006823
215 42.450000 7 4.361702 2.855913 -0.114551 -0.004329
215 42.450000 8 -0.192008 2.717786 0.105742 0.005167
216 42.530000 7 4.234186 2.839854 -0.115892 -0.005542
216 42.530000 8 -0.078656 2.714411 0.106529 0.004283
217 42.610000 7 4.113506 2.829296 -0.116358 -0.006030
217 42.610000 8 0.030592 2.713057 0.106794 0.003734
218 42.690000 7 3.991403 2.822949 -0.116888 -0.006060
218 42.690000 8 0.133685 2.712453 0.106453 0.003334
219 42.770000 7 3.876548 2.823986 -0.116710 -0.005437
219 42.770000 8 0.237154 2.710255 0.106191 0.002849
220 42.850000 7 3.764964 2.826585 -0.116280 -0.004764
220 42.850000 8 0.344814 2.705186 0.106314 0.002185
221 42.930000 7 3.656949 2.830262 -0.115616 -0.004085
221 42.930000 8 0.458384 2.694292 0.106897 0.001134
222 43.010000 7 3.554875 2.830099 -0.114568 -0.003782
222 43.010000 8 0.569576 2.680205 0.107230 -0.000044
223 43.090000 7 3.454534 2.827597 -0.113503 -0.003686
223 43.090000 8 0.678998 2.669074 0.107394 -0.000874
224 43.170000 7 3.353349 2.824492 -0.112608 -0.003644
224 43.170000 8 0.784819 2.658108 0.107280 -0.001607
225 43.250000 7 3.241731 2.823988 -0.112538 -0.003422
225 43.250000 8 0.886372 2.642372 0.106875 -0.002606
226 43.330000 7 3.125853 2.822937 -0.112769 -0.003258
226 43.330000 8 0.989776 2.622214 0.106635 -0.003817
227 43.410000 7 3.007293 2.819580 -0.113161 -0.003265
227 43.410000 8 1.096140 2.595649 0.106617 -0.005355
228 43.490000 7 2.883284 2.808575 -0.113881 -0.003779
228 43.490000 8 1.203833 2.563697 0.106689 -0.007122
229 43.570000 7 2.764037 2.801342 -0.114232 -0.004005
229 43.570000 8 1.308205 2.525053 0.106537 -0.009184
230 43.650000 7 2.651800 2.797380 -0.114103 -0.004002
230 43.650000 8 1.411412 2.488047 0.106322 -0.010981
231 43.730000 7 2.542787 2.796048 -0.113778 -0.003831
231 43.730000 8 1.511996 2.453427 0.105955 -0.012492
232 43.810000 7 2.425132 2.792674 -0.114024 -0.003802
232 43.810000 8 1.607847 2.420361 0.105315 -0.013796
233 43.890000 7 2.309088 2.779297 -0.114151 -0.004405
233 43.890000 8 1.706755 2.389228 0.104911 -0.014888
234 43.970000 7 2.186289 2.784586 -0.114693 -0.003798
234 43.970000 8 1.812071 2.358479 0.104937 -0.015881
235 44.050000 7 2.066260 2.788620 -0.115026 -0.003309
235 44.050000 8 1.921634 2.330204 0.105225 -0.016655
236 44.130000 7 1.950937 2.789824 -0.115044 -0.003028
236 44.130000 8 2.033770 2.307978 0.105656 -0.017001
237 44.210000 7 1.842040 2.787656 -0.114662 -0.002975
237 44.210000 8 2.145213 2.287011 0.106015 -0.017248
238 44.290000 7 1.733314 2.781786 -0.114293 -0.003155
238 44.290000 8 2.252882 2.268951 0.106118 -0.017298
239 44.370000 7 1.619853 2.775085 -0.114242 -0.003375
239 44.370000 8 2.356417 2.252252 0.105957 -0.017261
240 44.450000 7 1.503253 2.769887 -0.114388 -0.003488
240 44.450000 8 2.463130 2.237093 0.106004 -0.017130
241 44.530000 7 1.383261 2.759172 -0.114737 -0.003937
241 44.530000 8 2.574604 2.225402 0.106344 -0.016792
242 44.610000 7 1.263880 2.750109 -0.115026 -0.004256
242 44.610000 8 2.689914 2.212236 0.106902 -0.016567
243 44.690000 7 1.148115 2.745471 -0.115072 -0.004280
243 44.690000 8 2.804869 2.200552 0.107404 -0.016262
244 44.770000 7 1.035298 2.742966 -0.114931 -0.004169
244 44.770000 8 2.915616 2.189051 0.107613 -0.015965
245 44.850000 7 0.920064 2.740266 -0.114950 -0.004078
245 44.850000 8 3.017064 2.175171 0.107227 -0.015835
246 44.930000 7 0.798556 2.735149 -0.115360 -0.004143
246 44.930000 8 3.114633 2.165010 0.106623 -0.015480
247 45.010000 7 0.672656 2.722092 -0.116021 -0.004701
247 45.010000 8 3.215789 2.158923 0.106281 -0.014891
248 45.090000 7 0.548673 2.713874 -0.116520 -0.004922
248 45.090000 8 3.325555 2.161718 0.106499 -0.013781
249 45.170000 7 0.427619 2.708808 -0.116805 -0.004931
249 45.170000 8 3.440484 2.171810 0.107029 -0.012282
250 45.250000 7 0.310221 2.705890 -0.116842 -0.004804
250 45.250000 8 3.555376 2.187012 0.107523 -0.010553
251 45.330000 7 0.195439 2.702834 -0.116713 -0.004694
251 45.330000 8 3.669631 2.204545 0.107947 -0.008785
252 45.410000 7 0.082145 2.699394 -0.116497 -0.004615
252 45.410000 8 3.777766 2.222744 0.107959 -0.007085
253 45.490000 7 -0.036117 2.696317 -0.116609 -0.004518
253 45.490000 8 3.886418 2.241246 0.108003 -0.005471
254 45.570000 7 -0.158763 2.692222 -0.116990 -0.004492
254 45.570000 8 3.998581 2.261254 0.108265 -0.003863
255 45.650000 7 -0.282136 2.685198 -0.117393 -0.004651
255 45.650000 8 4.114090 2.282139 0.108723 -0.002301
256 45.730000 7 -0.406284 2.680116 -0.117819 -0.004679
256 45.730000 8 4.230437 2.303476 0.109204 -0.000808
257 45.810000 7 -0.526764 2.677571 -0.117987 -0.004544
257 45.810000 8 4.343813 2.325320 0.109468 0.000623
258 45.890000 7 -0.642747 2.676942 -0.117861 -0.004296
258 45.890000 8 4.453218 2.345763 0.109464 0.001876
259 45.970000 7 -0.758163 2.676765 -0.117706 -0.004036
259 45.970000 8 4.555767 2.364056 0.109027 0.002914
260 46.050000 7 -0.878197 2.673754 -0.117853 -0.003971
260 46.050000 8 4.657198 2.384782 0.108546 0.004040
261 46.130000 7 -1.000479 2.667944 -0.118133 -0.004087
261 46.130000 8 4.763328 2.408560 0.108394 0.005288
262 46.210000 7 -1.119512 2.656302 -0.118190 -0.004565
262 46.210000 8 4.874858 2.436956 0.108592 0.006749
263 46.290000 7 -1.237023 2.648929 -0.118147 -0.004743
263 46.290000 8 4.987506 2.467675 0.108848 0.008265
264 46.370000 7 -1.351306 2.643201 -0.117903 -0.004805
264 46.370000 8 5.101221 2.496745 0.109156 0.009581
265 46.450000 7 -1.461104 2.638518 -0.117390 -0.004797
265 46.450000 8 5.210663 2.526239 0.109174 0.010840
266 46.530000 7 -1.570831 2.634508 -0.116906 -0.004748
266 46.530000 8 5.315454 2.554696 0.108897 0.011954
267 46.610000 7 -1.685439 2.629764 -0.116761 -0.004747
267 46.610000 8 5.419042 2.583385 0.108561 0.013012
268 46.690000 7 -1.802248 2.624314 -0.116764 -0.004792
268 46.690000 8 5.525602 2.611982 0.108435 0.013997
269 46.770000 7 -1.922513 2.621036 -0.116985 -0.004696
269 46.770000 8 5.637352 2.637188 0.108644 0.014706
270 46.850000 7 -2.041170 2.619142 -0.117091 -0.004519
270 46.850000 8 5.750876 2.661443 0.108953 0.015309
271 46.930000 7 -2.156627 2.618723 -0.116987 -0.004260
271 46.930000 8 5.861664 2.683835 0.109069 0.015757
272 47.010000 7 -2.268707 2.619607 -0.116677 -0.003935
272 47.010000 8 5.966128 2.702804 0.108778 0.015960
273 55.650000 10 -0.813490 2.548920 0.000000 0.000000
273 55.650000 9 6.071820 2.929200 0.000000 0.000000
274 55.730000 10 -0.736343 2.564849 0.038573 0.007964
274 55.730000 9 5.991224 2.942871 -0.040298 0.006836
275 55.810000 10 -0.661050 2.584667 0.063054 0.015867
275 55.810000 9 5.884433 2.951549 -0.084627 0.008064
276 55.890000 10 -0.579424 2.592320 0.072340 0.011760
276 55.890000 9 5.760529 2.955371 -0.104266 0.005943
277 55.970000 10 -0.455849 2.570144 0.091993 -0.001258
277 55.970000 9 5.638229 2.943120 -0.111184 -0.001036
278 56.050000 10 -0.319413 2.524769 0.105694 -0.014858
278 56.050000 9 5.525331 2.936656 -0.111712 -0.002709
279 56.130000 10 -0.184401 2.487027 0.113227 -0.020738
279 56.130000 9 5.409773 2.945194 -0.112700 0.000180
280 56.210000 10 -0.059108 2.468273 0.115881 -0.020301
280 56.210000 9 5.309420 2.941001 -0.109984 -0.000782
281 56.290000 10 0.048752 2.449964 0.114339 -0.019918
281 56.290000 9 5.211250 2.935306 -0.107712 -0.001727
282 56.370000 10 0.151103 2.431028 0.112292 -0.019750
282 56.370000 9 5.102349 2.932730 -0.107915 -0.001872
283 56.450000 10 0.244369 2.405966 0.109368 -0.020567
283 56.450000 9 4.978586 2.929588 -0.110351 -0.002067
284 56.530000 10 0.343290 2.379178 0.107908 -0.021436
284 56.530000 9 4.848363 2.928531 -0.113128 -0.001926
285 56.610000 10 0.456174 2.350568 0.108546 -0.022356
285 56.610000 9 4.717148 2.923986 -0.115447 -0.002262
286 56.690000 10 0.570819 2.308679 0.109269 -0.024672
286 56.690000 9 4.588586 2.916494 -0.117002 -0.002882
287 56.770000 10 0.686627 2.271902 0.109991 -0.026009
287 56.770000 9 4.465491 2.902699 -0.117675 -0.004087
288 56.850000 10 0.798800 2.242971 0.110217 -0.026311
288 56.850000 9 4.345927 2.891675 -0.117870 -0.004804
289 56.930000 10 0.904583 2.216949 0.109785 -0.026283
289 56.930000 9 4.222283 2.879473 -0.118432 -0.005525
290 57.010000 10 1.009452 2.190189 0.109332 -0.026327
290 57.010000 9 4.102719 2.876972 -0.118537 -0.005246
291 57.090000 10 1.119073 2.161781 0.109357 -0.026509
291 57.090000 9 3.987667 2.875604 -0.118231 -0.004906
292 57.170000 10 1.233958 2.130975 0.109820 -0.026869
292 57.170000 9 3.877695 2.872701 -0.117539 -0.004738
293 57.250000 10 1.348540 2.096945 0.110203 -0.027445
293 57.250000 9 3.771088 2.871433 -0.116660 -0.004459
294 57.330000 10 1.455228 2.057124 0.109931 -0.028403
294 57.330000 9 3.668577 2.869487 -0.115565 -0.004264
295 57.410000 10 1.562049 2.025280 0.109698 -0.028661
295 57.410000 9 3.559801 2.867180 -0.115057 -0.004118
296 57.490000 10 1.663927 1.997492 0.109130 -0.028597
296 57.490000 9 3.446315 2.862963 -0.114943 -0.004125
297 57.570000 10 1.766254 1.973288 0.108649 -0.028287
297 57.570000 9 3.328917 2.860238 -0.115116 -0.004026
298 57.650000 10 1.871407 1.951934 0.108408 -0.027808
298 57.650000 9 3.209411 2.854211 -0.115419 -0.004164
299 57.730000 10 1.981149 1.929636 0.108498 -0.027436
299 57.730000 9 3.090557 2.836672 -0.115652 -0.005069
300 57.810000 10 2.097344 1.917273 0.109010 -0.026434
300 57.810000 9 2.973096 2.815780 -0.115772 -0.006120
301 57.890000 10 2.215030 1.910885 0.109577 -0.025123
301 57.890000 9 2.846175 2.808065 -0.116501 -0.006224
302 57.970000 10 2.332213 1.905301 0.110068 -0.023861
302 57.970000 9 2.718387 2.792610 -0.117230 -0.006820
303 58.050000 10 2.444833 1.903218 0.110232 -0.022469
303 58.050000 9 2.598922 2.783024 -0.117373 -0.006997
304 58.130000 10 2.556003 1.904713 0.110291 -0.020950
304 58.130000 9 2.486497 2.778358 -0.117059 -0.006849
305 58.210000 10 2.669184 1.910908 0.110473 -0.019241
305 58.210000 9 2.376294 2.777468 -0.116628 -0.006474
306 58.290000 10 2.789029 1.920194 0.111060 -0.017454
306 58.290000 9 2.269051 2.776058 -0.116040 -0.006157
307 58.370000 10 2.912030 1.933704 0.111805 -0.015522
307 58.370000 9 2.166991 2.774083 -0.115168 -0.005896
308 58.450000 10 3.034072 1.948705 0.112442 -0.013622
308 58.450000 9 2.062083 2.772448 -0.114529 -0.005631
309 58.530000 10 3.151047 1.961670 0.112724 -0.011970
309 58.530000 9 1.953663 2.768749 -0.114150 -0.005511
310 58.610000 10 3.260941 1.974810 0.112548 -0.010411
310 58.610000 9 1.841437 2.764993 -0.114030 -0.005402
311 58.690000 10 3.368510 1.988993 0.112239 -0.008884
311 58.690000 9 1.725862 2.753081 -0.114126 -0.005806
312 58.770000 10 3.483817 2.009791 0.112430 -0.007040
312 58.770000 9 1.611181 2.744079 -0.114161 -0.006005
313 58.850000 10 3.607038 2.037983 0.113100 -0.004850
313 58.850000 9 1.502390 2.739602 -0.113827 -0.005910
314 58.930000 10 3.733850 2.072045 0.113954 -0.002429
314 58.930000 9 1.394413 2.733853 -0.113463 -0.005900
315 59.010000 10 3.860989 2.107691 0.114775 -0.000056
315 59.010000 9 1.284917 2.730278 -0.113215 -0.005755
316 59.090000 10 3.984837 2.145974 0.115341 0.002336
316 59.090000 9 1.166926 2.717579 -0.113513 -0.006188
317 59.170000 10 4.105607 2.185716 0.115681 0.004674
317 59.170000 9 1.051485 2.707671 -0.113634 -0.006421
318 59.250000 10 4.224620 2.227370 0.115889 0.006988
318 59.250000 9 0.938128 2.702898 -0.113617 -0.006317
319 59.330000 10 4.347024 2.271220 0.116297 0.009298
319 59.330000 9 0.829340 2.697940 -0.113314 -0.006232
320 59.410000 10 4.471944 2.317905 0.116839 0.011644
320 59.410000 9 0.724186 2.695148 -0.112802 -0.006016
321 59.490000 10 4.599131 2.365017 0.117489 0.013872
321 59.490000 9 0.618847 2.692672 -0.112333 -0.005794
322 59.570000 10 4.723991 2.411239 0.117952 0.015907
322 59.570000 9 0.510531 2.689252 -0.112080 -0.005645
323 59.650000 10 4.843496 2.455091 0.118050 0.017666
323 59.650000 9 0.398950 2.683741 -0.112049 -0.005636
324 59.730000 10 4.956666 2.495982 0.117743 0.019129
324 59.730000 9 0.285455 2.672493 -0.112140 -0.005990
325 59.810000 10 5.064355 2.531751 0.117109 0.020179
325 59.810000 9 0.173146 2.667112 -0.112151 -0.005951
326 59.890000 10 5.172838 2.565301 0.116564 0.021022
326 59.890000 9 0.063897 2.666798 -0.111968 -0.005596
327 59.970000 10 5.289459 2.603235 0.116568 0.022090
327 59.970000 9 -0.040297 2.669094 -0.111477 -0.005097
328 60.050000 10 5.410416 2.643398 0.116845 0.023232
328 60.050000 9 -0.148259 2.669859 -0.111255 -0.004727
329 60.130000 10 5.532496 2.680934 0.117176 0.024135
329 60.130000 9 -0.260688 2.668464 -0.111329 -0.004517
330 60.210000 10 5.650860 2.717894 0.117251 0.024946
330 60.210000 9 -0.374447 2.658729 -0.111483 -0.004846
331 60.290000 10 5.763206 2.754617 0.116941 0.025690
331 60.290000 9 -0.487366 2.651362 -0.111573 -0.005006
332 60.370000 10 5.873601 2.790377 0.116527 0.026327
332 60.370000 9 -0.596156 2.646012 -0.111397 -0.005028
333 60.450000 10 5.984042 2.826017 0.116142 0.026916
333 60.450000 9 -0.700718 2.642185 -0.110965 -0.004952
334 60.530000 10 6.098344 2.859965 0.116026 0.027361
334 60.530000 9 -0.803999 2.639291 -0.110479 -0.004822
335 68.210000 11 5.990290 2.895570 0.000000 0.000000
335 68.210000 12 -1.215770 2.670420 0.000000 0.000000
336 68.290000 11 5.868601 2.878441 -0.060844 -0.008564
336 68.290000 12 -1.116446 2.666518 0.049662 -0.001951
337 68.370000 11 5.763559 2.904951 -0.090310 0.014819
337 68.370000 12 -0.983244 2.668881 0.105355 0.000925
338 68.450000 11 5.661548 2.916439 -0.096161 0.013153
338 68.450000 12 -0.852922 2.648216 0.117839 -0.009870
339 68.530000 11 5.554699 2.935699 -0.100261 0.015496
339 68.530000 12 -0.739413 2.619934 0.116178 -0.016933
340 68.610000 11 5.454585 2.944252 -0.100215 0.013355
340 68.610000 12 -0.638122 2.618434 0.111589 -0.012175
341 68.690000 11 5.368512 2.934293 -0.096582 0.007365
341 68.690000 12 -0.553177 2.627508 0.104743 -0.006716
342 68.770000 11 5.283145 2.926002 -0.094115 0.003921
342 68.770000 12 -0.470786 2.626323 0.099826 -0.005499
343 68.850000 11 5.180090 2.923389 -0.095834 0.002665
343 68.850000 12 -0.373162 2.612373 0.099403 -0.007124
344 68.930000 11 5.064313 2.922874 -0.099240 0.002122
344 68.930000 12 -0.255286 2.571617 0.102557 -0.012868
345 69.010000 11 4.942562 2.926369 -0.102699 0.002333
345 69.010000 12 -0.139754 2.532568 0.104551 -0.016891
346 69.100000 11 4.817260 2.918965 -0.105857 0.000972
346 69.100000 12 -0.027097 2.506917 0.105684 -0.018115
347 69.170000 11 4.689340 2.910346 -0.108687 -0.000258
347 69.170000 12 0.079030 2.483234 0.105741 -0.018829
348 69.260000 11 4.559683 2.892246 -0.111173 -0.002374
348 69.260000 12 0.177254 2.462149 0.104849 -0.019096
349 69.330000 11 4.434074 2.872663 -0.112768 -0.004274
349 69.330000 12 0.270019 2.442046 0.103515 -0.019208
350 69.420000 11 4.301362 2.855402 -0.114830 -0.005617
350 69.420000 12 0.370570 2.420975 0.103208 -0.019400
351 69.500000 11 4.173454 2.845471 -0.116105 -0.006038
351 69.500000 12 0.479686 2.393900 0.103784 -0.020148
352 69.570000 11 4.052746 2.846487 -0.116529 -0.005387
352 69.570000 12 0.587698 2.352065 0.104174 -0.022149
353 69.660000 11 3.937162 2.848256 -0.116446 -0.004759
353 69.660000 12 0.697195 2.319867 0.104641 -0.023030
354 69.740000 11 3.824365 2.849427 -0.116141 -0.004262
354 69.740000 12 0.804106 2.295676 0.104831 -0.023128
355 69.820000 11 3.715115 2.849348 -0.115586 -0.003926
355 69.820000 12 0.905207 2.274202 0.104531 -0.022995
356 69.900000 11 3.611399 2.846775 -0.114667 -0.003821
356 69.900000 12 1.005674 2.252078 0.104216 -0.022927
357 69.970000 11 3.506088 2.842758 -0.113966 -0.003836
357 69.970000 12 1.110424 2.225602 0.104256 -0.023193
358 70.060000 11 3.390292 2.842060 -0.114099 -0.003608
358 70.060000 12 1.221069 2.194375 0.104720 -0.023776
359 70.140000 11 3.272355 2.839980 -0.114370 -0.003500
359 70.140000 12 1.330464 2.156953 0.105051 -0.024741
360 70.220000 11 3.151533 2.837981 -0.114816 -0.003396
360 70.220000 12 1.432091 2.114124 0.104814 -0.025990
361 70.300000 11 3.028572 2.830596 -0.115367 -0.003666
361 70.300000 12 1.534329 2.076958 0.104640 -0.026747
362 70.380000 11 2.910249 2.823242 -0.115564 -0.003911
362 70.380000 12 1.633754 2.045215 0.104293 -0.027079
363 70.460000 11 2.798054 2.817338 -0.115343 -0.004042
363 70.460000 12 1.731514 2.017424 0.103866 -0.027125
364 70.530000 11 2.686995 2.811111 -0.115066 -0.004183
364 70.530000 12 1.836911 1.993044 0.103965 -0.026948
365 70.620000 11 2.559499 2.798400 -0.115861 -0.004728
365 70.620000 12 1.946107 1.966603 0.104299 -0.026915
366 70.690000 11 2.436346 2.788398 -0.116323 -0.005062
366 70.690000 12 2.060484 1.948747 0.104938 -0.026341
367 70.780000 11 2.315388 2.785482 -0.116615 -0.004927
367 70.780000 12 2.176240 1.935818 0.105619 -0.025497
368 70.860000 11 2.198412 2.784668 -0.116637 -0.004670
368 70.860000 12 2.290041 1.925580 0.106131 -0.024542
369 70.940000 11 2.084938 2.783706 -0.116440 -0.004438
369 70.940000 12 2.399038 1.917307 0.106310 -0.023526
370 71.020000 11 1.975283 2.781308 -0.116017 -0.004311
370 71.020000 12 2.504317 1.910790 0.106246 -0.022468
371 71.100000 11 1.867685 2.776840 -0.115494 -0.004321
371 71.100000 12 2.614399 1.905190 0.106484 -0.021419
372 71.180000 11 1.753367 2.772726 -0.115421 -0.004308
372 71.180000 12 2.728655 1.902506 0.106967 -0.020255
373 71.250000 11 1.636360 2.767705 -0.115519 -0.004352
373 71.250000 12 2.844146 1.900181 0.107496 -0.019141
374 71.340000 11 1.515679 2.759755 -0.115840 -0.004576
374 71.340000 12 2.958222 1.898674 0.107905 -0.018046
375 71.410000 11 1.396749 2.751739 -0.116032 -0.004790
375 71.410000 12 3.067640 1.896773 0.107999 -0.017043
376 71.500000 11 1.281958 2.745732 -0.115955 -0.004865
376 71.500000 12 3.169233 1.894956 0.107601 -0.016096
377 71.570000 11 1.170271 2.740929 -0.115689 -0.004861
377 71.570000 12 3.267866 1.896739 0.107042 -0.014982
378 71.650000 11 1.057496 2.737163 -0.115507 -0.004793
378 71.650000 12 3.370807 1.902617 0.106786 -0.013682
379 71.740000 11 0.939592 2.728256 -0.115657 -0.005050
379 71.740000 12 3.481971 1.916640 0.107060 -0.011953
380 71.820000 11 0.821572 2.717127 -0.115805 -0.005430
380 71.820000 12 3.597588 1.933586 0.107595 -0.010146
381 71.890000 11 0.705549 2.709580 -0.115818 -0.005563
381 71.890000 12 3.713503 1.953987 0.108116 -0.008233
382 71.980000 11 0.592135 2.705366 -0.115668 -0.005478
382 71.980000 12 3.827334 1.976725 0.108474 -0.006291
383 72.060000 11 0.483905 2.700529 -0.115201 -0.005438
383 72.060000 12 3.936707 2.000056 0.108531 -0.004430
384 72.140000 11 0.378231 2.695043 -0.114601 -0.005441
384 72.140000 12 4.042986 2.023976 0.108389 -0.002647
385 72.220000 11 0.270903 2.690374 -0.114143 -0.005392
385 72.220000 12 4.153652 2.050833 0.108532 -0.000789
386 72.300000 11 0.158863 2.686772 -0.114011 -0.005279
386 72.300000 12 4.269048 2.080257 0.108965 0.001116
387 72.370000 11 0.044977 2.679757 -0.114003 -0.005389
387 72.370000 12 4.386899 2.108270 0.109526 0.002813
388 72.460000 11 -0.070031 2.673186 -0.114066 -0.005463
388 72.460000 12 4.503332 2.135857 0.109962 0.004377
389 72.540000 11 -0.184583 2.669920 -0.114097 -0.005325
389 72.540000 12 4.614709 2.162224 0.110051 0.005765
390 72.610000 11 -0.296655 2.669161 -0.113969 -0.005036
390 72.610000 12 4.719521 2.189141 0.109720 0.007102
391 72.690000 11 -0.404443 2.669573 -0.113578 -0.004692
391 72.690000 12 4.822021 2.214848 0.109264 0.008277
392 72.780000 11 -0.515925 2.668993 -0.113446 -0.004432
392 72.780000 12 4.929288 2.243997 0.109138 0.009595
393 72.860000 11 -0.630756 2.668700 -0.113534 -0.004171
393 72.860000 12 5.041694 2.276635 0.109344 0.011051
394 72.940000 11 -0.746896 2.664657 -0.113698 -0.004163
394 72.940000 12 5.154919 2.312553 0.109590 0.012624
395 73.020000 11 -0.862201 2.657753 -0.113800 -0.004336
395 73.020000 12 5.265746 2.347981 0.109668 0.014066
396 73.100000 11 -0.974068 2.652260 -0.113678 -0.004409
396 73.100000 12 5.376044 2.382655 0.109708 0.015370
397 73.180000 11 -1.081017 2.647338 -0.113252 -0.004442
397 73.180000 12 5.479694 2.416867 0.109325 0.016562
398 73.260000 11 -1.185563 2.642719 -0.112701 -0.004453
398 73.260000 12 5.582470 2.450821 0.108910 0.017663
399 73.340000 11 -1.293389 2.640088 -0.112392 -0.004338
399 73.340000 12 5.689567 2.483681 0.108795 0.018625
400 73.420000 11 -1.405084 2.636260 -0.112348 -0.004305
400 73.420000 12 5.802260 2.514901 0.109042 0.019422
401 73.500000 11 -1.519230 2.631355 -0.112462 -0.004343
401 73.500000 12 5.915640 2.544459 0.109317 0.020063
402 73.580000 11 -1.635281 2.628914 -0.112689 -0.004223
402 73.580000 12 6.027118 2.574825 0.109453 0.020715
403 81.900000 13 -0.772580 2.542370 0.000000 0.000000
403 81.900000 14 5.974170 2.944710 0.000000 0.000000
404 81.980000 13 -0.698482 2.547143 0.037049 0.002387
404 81.980000 14 5.877050 2.948266 -0.048560 0.001778
405 82.060000 13 -0.622415 2.545722 0.063062 -0.000152
405 82.060000 14 5.745418 2.921761 -0.103942 -0.017078
406 82.140000 13 -0.516521 2.529439 0.084478 -0.008218
406 82.140000 14 5.609900 2.922834 -0.119730 -0.008002
407 82.220000 13 -0.381461 2.488339 0.103881 -0.020831
407 82.220000 14 5.479276 2.926735 -0.123909 -0.003436
408 82.300000 13 -0.246532 2.424500 0.113453 -0.034090
408 82.300000 14 5.350785 2.940130 -0.125322 0.001753
409 82.380000 13 -0.115946 2.390967 0.117855 -0.033947
409 82.380000 14 5.227658 2.948809 -0.124758 0.003532
410 82.460000 13 -0.002190 2.368688 0.116953 -0.031380
410 82.460000 14 5.105364 2.952963 -0.124216 0.003669
411 82.540000 13 0.103785 2.347346 0.114842 -0.029450
411 82.540000 14 4.989671 2.955181 -0.122577 0.003390
412 82.620000 13 0.202861 2.323309 0.112150 -0.028525
412 82.620000 14 4.874804 2.949175 -0.121260 0.001785
413 82.700000 13 0.295993 2.294688 0.109227 -0.028540
413 82.700000 14 4.742494 2.941028 -0.122958 0.000259
414 82.780000 13 0.395590 2.259026 0.107882 -0.029535
414 82.780000 14 4.597746 2.937002 -0.126003 -0.000340
415 82.860000 13 0.507620 2.219330 0.108413 -0.030838
415 82.860000 14 4.454240 2.930774 -0.128247 -0.001095
416 82.940000 13 0.619561 2.162866 0.108832 -0.033877
416 82.940000 14 4.310026 2.916025 -0.130141 -0.002714
417 83.020000 13 0.734041 2.117889 0.109455 -0.035102
417 83.020000 14 4.175304 2.901263 -0.130646 -0.004044
418 83.100000 13 0.844679 2.083012 0.109578 -0.035079
418 83.100000 14 4.041001 2.884637 -0.131025 -0.005345
419 83.180000 13 0.948648 2.054831 0.109031 -0.034407
419 83.180000 14 3.906723 2.871995 -0.131342 -0.006056
420 83.260000 13 1.051143 2.028151 0.108429 -0.033695
420 83.260000 14 3.773342 2.859624 -0.131530 -0.006638
421 83.340000 13 1.159450 1.996891 0.108418 -0.033481
421 83.340000 14 3.644130 2.853268 -0.131326 -0.006613
422 83.420000 13 1.273803 1.962204 0.108915 -0.033582
422 83.420000 14 3.519124 2.852030 -0.130797 -0.006163
423 83.500000 13 1.387542 1.923239 0.109303 -0.034015
423 83.500000 14 3.399675 2.848951 -0.129885 -0.005915
424 83.580000 13 1.492089 1.881316 0.108935 -0.034627
424 83.580000 14 3.289756 2.842272 -0.128339 -0.005974
425 83.660000 13 1.596733 1.845826 0.108614 -0.034692
425 83.660000 14 3.176813 2.837474 -0.127187 -0.005886
426 83.740000 13 1.699100 1.816080 0.108160 -0.034332
426 83.740000 14 3.061646 2.825258 -0.126314 -0.006346
427 83.820000 13 1.800238 1.789167 0.107664 -0.033808
427 83.820000 14 2.945844 2.802114 -0.125571 -0.007533
428 83.900000 13 1.906318 1.762653 0.107554 -0.033305
428 83.900000 14 2.821220 2.809773 -0.125506 -0.006485
429 83.980000 13 2.017020 1.734480 0.107767 -0.032958
429 83.980000 14 2.691870 2.804414 -0.125765 -0.006408
430 84.060000 13 2.134562 1.715180 0.108417 -0.032050
430 84.060000 14 2.566599 2.792116 -0.125733 -0.006800
431 84.140000 13 2.252543 1.700770 0.109042 -0.030896
431 84.140000 14 2.447380 2.779647 -0.125306 -0.007171
432 84.220000 13 2.367626 1.690546 0.109432 -0.029561
432 84.220000 14 2.324184 2.764335 -0.125170 -0.007696
433 84.300000 13 2.480590 1.683113 0.109658 -0.028147
433 84.300000 14 2.197285 2.746660 -0.125281 -0.008334
434 84.380000 13 2.592421 1.679119 0.109796 -0.026616
434 84.380000 14 2.073709 2.732668 -0.125173 -0.008693
435 84.460000 13 2.708636 1.678358 0.110200 -0.024988
435 84.460000 14 1.955620 2.721139 -0.124727 -0.008871
436 84.540000 13 2.830572 1.679251 0.110935 -0.023367
436 84.540000 14 1.840026 2.711705 -0.124155 -0.008907
437 84.620000 13 2.953366 1.684416 0.111675 -0.021587
437 84.620000 14 1.730279 2.701674 -0.123256 -0.008977
438 84.700000 13 3.072480 1.691852 0.112138 -0.019780
438 84.700000 14 1.621517 2.690409 -0.122354 -0.009119
439 84.780000 13 3.185170 1.699610 0.112172 -0.018069
439 84.780000 14 1.506015 2.679151 -0.121928 -0.009252
440 84.860000 13 3.292129 1.709618 0.111849 -0.016326
440 84.860000 14 1.387205 2.667567 -0.121734 -0.009397
441 84.940000 13 3.397861 1.723155 0.111469 -0.014472
441 84.940000 14 1.266455 2.653520 -0.121673 -0.009686
442 85.030000 13 3.508821 1.741104 0.111437 -0.012458
442 85.030000 14 1.149060 2.643356 -0.121407 -0.009715
443 85.100000 13 3.626182 1.766616 0.111806 -0.010095
443 85.100000 14 1.035146 2.634908 -0.120941 -0.009637
444 85.180000 13 3.746762 1.795505 0.112352 -0.007668
444 85.180000 14 0.917317 2.625984 -0.120747 -0.009592
445 85.260000 13 3.867138 1.826590 0.112852 -0.005252
445 85.260000 14 0.796246 2.613530 -0.120768 -0.009771
446 85.340000 13 3.983383 1.860270 0.113064 -0.002822
446 85.340000 14 0.676868 2.607428 -0.120681 -0.009542
447 85.420000 13 4.095362 1.894816 0.112996 -0.000486
447 85.420000 14 0.560048 2.605429 -0.120439 -0.009070
448 85.500000 13 4.204845 1.932564 0.112776 0.001906
448 85.500000 14 0.447894 2.603804 -0.119921 -0.008604
449 85.580000 13 4.317902 1.972678 0.112794 0.004301
449 85.580000 14 0.338652 2.603543 -0.119252 -0.008081
450 85.660000 13 4.435378 2.016214 0.113088 0.006762
450 85.660000 14 0.227680 2.604238 -0.118732 -0.007531
451 85.740000 13 4.555579 2.059830 0.113535 0.009077
451 85.740000 14 0.110598 2.605040 -0.118629 -0.007007
452 85.820000 13 4.674956 2.105436 0.113902 0.011374
452 85.820000 14 -0.010275 2.603351 -0.118770 -0.006673
453 85.900000 13 4.789956 2.149716 0.113971 0.013445
453 85.900000 14 -0.131594 2.606930 -0.118930 -0.006028
454 85.980000 13 4.899146 2.193717 0.113670 0.015370
454 85.980000 14 -0.249828 2.613090 -0.118886 -0.005260
455 86.060000 13 5.003798 2.236067 0.113101 0.017071
455 86.060000 14 -0.364514 2.619605 -0.118622 -0.004517
456 86.140000 13 5.109806 2.281547 0.112654 0.018864
456 86.140000 14 -0.483931 2.626796 -0.118672 -0.003779
457 86.220000 13 5.220937 2.329705 0.112558 0.020713
457 86.220000 14 -0.608998 2.632716 -0.119075 -0.003167
458 86.300000 13 5.334460 2.380654 0.112619 0.022622
458 86.300000 14 -0.736265 2.632638 -0.119593 -0.002972
459 86.380000 13 5.447712 2.433415 0.112659 0.024526
459 86.380000 14 -0.862759 2.633534 -0.120029 -0.002727
460 86.460000 13 5.557314 2.486247 0.112466 0.026315
460 86.460000 14 -0.986080 2.636224 -0.120237 -0.002385
461 86.540000 13 5.661170 2.537967 0.111921 0.027921
461 86.540000 14 -1.104802 2.638577 -0.120141 -0.002085
462 86.620000 13 5.762696 2.586794 0.111264 0.029242
462 86.620000 14 -1.225418 2.641496 -0.120171 -0.001769
463 86.700000 13 5.863006 2.636021 0.110572 0.030506
463 86.700000 14 -1.349180 2.640994 -0.120398 -0.001689
464 86.780000 13 5.965963 2.685052 0.110090 0.031677
464 86.780000 14 -1.477263 2.642184 -0.120884 -0.001507
465 94.790000 16 6.044700 2.913790 0.000000 0.000000
465 94.790000 15 -1.045130 2.482290 0.000000 0.000000
466 94.870000 16 5.909669 2.894839 -0.067516 -0.009476
466 94.870000 15 -0.921317 2.468254 0.061907 -0.007018
467 94.950000 16 5.788158 2.895449 -0.103512 -0.002752
467 94.950000 15 -0.789562 2.442871 0.108473 -0.019261
468 95.030000 16 5.684154 2.912256 -0.103758 0.007028
468 95.030000 15 -0.657177 2.391835 0.120429 -0.035149
469 95.110000 16 5.585881 2.929607 -0.101654 0.010988
469 95.110000 15 -0.552295 2.381199 0.114465 -0.025746
470 95.190000 16 5.486209 2.944632 -0.101043 0.012232
470 95.190000 15 -0.466454 2.383340 0.105641 -0.017149
471 95.270000 16 5.400329 2.941666 -0.097147 0.008328
471 95.270000 15 -0.378308 2.369560 0.101146 -0.016283
472 95.350000 16 5.307534 2.933703 -0.096190 0.004744
472 95.350000 15 -0.275774 2.349712 0.101451 -0.017068
473 95.430000 16 5.193853 2.935556 -0.099553 0.004188
473 95.430000 15 -0.156474 2.310729 0.104883 -0.021282
474 95.510000 16 5.071015 2.933781 -0.103530 0.003170
474 95.510000 15 -0.034454 2.259111 0.107810 -0.026462
475 95.590000 16 4.942462 2.933467 -0.107375 0.002634
475 95.590000 15 0.082476 2.221648 0.109211 -0.028153
476 95.670000 16 4.812784 2.922853 -0.110491 0.000783
476 95.670000 15 0.193298 2.191359 0.109436 -0.028451
477 95.750000 16 4.681328 2.905866 -0.113180 -0.001496
477 95.750000 15 0.295380 2.166817 0.108493 -0.027950
478 95.830000 16 4.551897 2.887157 -0.115107 -0.003537
478 95.830000 15 0.397005 2.144618 0.107679 -0.027268
479 95.910000 16 4.421275 2.864877 -0.116820 -0.005606
479 95.910000 15 0.505846 2.116083 0.107807 -0.027408
480 95.990000 16 4.290867 2.845439 -0.118225 -0.007036
480 95.990000 15 0.626985 2.083595 0.109186 -0.027933
481 96.070000 16 4.168315 2.835143 -0.118646 -0.007354
481 96.070000 15 0.747424 2.047811 0.110282 -0.028698
482 96.150000 16 4.052588 2.836180 -0.118377 -0.006580
482 96.150000 15 0.866431 2.022658 0.111087 -0.028371
483 96.230000 16 3.941078 2.837161 -0.117775 -0.005917
483 96.230000 15 0.981547 1.998819 0.111440 -0.027974
484 96.310000 16 3.834725 2.836773 -0.116818 -0.005454
484 96.310000 15 1.091396 1.975482 0.111307 -0.027585
485 96.390000 16 3.731888 2.835192 -0.115694 -0.005142
485 96.390000 15 1.200285 1.951376 0.111112 -0.027305
486 96.470000 16 3.626924 2.833466 -0.114863 -0.004878
486 96.470000 15 1.314922 1.923121 0.111385 -0.027379
487 96.550000 16 3.517798 2.829769 -0.114434 -0.004790
487 96.550000 15 1.435517 1.893135 0.112075 -0.027574
488 96.630000 16 3.400670 2.827888 -0.114629 -0.004578
488 96.630000 15 1.556444 1.857233 0.112717 -0.028179
489 96.710000 16 3.282680 2.822343 -0.114867 -0.004647
489 96.710000 15 1.668830 1.816658 0.112694 -0.029055
490 96.790000 16 3.160297 2.805502 -0.115386 -0.005488
490 96.790000 15 1.779523 1.780697 0.112556 -0.029532
491 96.870000 16 3.039592 2.785473 -0.115745 -0.006472
491 96.870000 15 1.883009 1.747854 0.111943 -0.029756
492 96.950000 16 2.910124 2.779121 -0.116657 -0.006464
492 96.950000 15 1.990905 1.720931 0.111674 -0.029567
493 97.030000 16 2.791174 2.774381 -0.116807 -0.006351
493 97.030000 15 2.101154 1.692098 0.111581 -0.029519
494 97.110000 16 2.669492 2.768467 -0.117122 -0.006323
494 97.110000 15 2.224138 1.674499 0.112317 -0.028749
495 97.190000 16 2.548337 2.764117 -0.117380 -0.006197
495 97.190000 15 2.350912 1.666146 0.113241 -0.027446
496 97.270000 16 2.429265 2.764529 -0.117487 -0.005778
496 97.270000 15 2.476912 1.660012 0.114050 -0.026095
497 97.350000 16 2.311884 2.766508 -0.117480 -0.005289
497 97.350000 15 2.600152 1.656168 0.114628 -0.024694
498 97.430000 16 2.199324 2.768362 -0.117172 -0.004842
498 97.430000 15 2.718173 1.653731 0.114841 -0.023300
499 97.510000 16 2.090551 2.769176 -0.116648 -0.004489
499 97.510000 15 2.837775 1.655628 0.115138 -0.021728
500 97.590000 16 1.981111 2.768865 -0.116199 -0.004229
500 97.590000 15 2.964007 1.660465 0.115828 -0.020074
501 97.670000 16 1.866727 2.766718 -0.116087 -0.004100
501 97.670000 15 3.093088 1.666737 0.116652 -0.018437
502 97.750000 16 1.747435 2.764517 -0.116286 -0.003982
502 97.750000 15 3.220912 1.675392 0.117346 -0.016755
503 97.830000 16 1.626592 2.757429 -0.116569 -0.004175
503 97.830000 15 3.346184 1.686340 0.117838 -0.015035
504 97.910000 16 1.506583 2.749656 -0.116782 -0.004398
504 97.910000 15 3.464824 1.698778 0.117888 -0.013329
505 97.990000 16 1.391149 2.744841 -0.116698 -0.004424
505 97.990000 15 3.579000 1.712260 0.117657 -0.011662
506 98.070000 16 1.279478 2.741458 -0.116386 -0.004359
506 98.070000 15 3.695604 1.730090 0.117591 -0.009827
507 98.150000 16 1.164323 2.738295 -0.116309 -0.004285
507 98.150000 15 3.818615 1.755601 0.117929 -0.007625
508 98.230000 16 1.043758 2.730864 -0.116574 -0.004481
508 98.230000 15 3.944878 1.786435 0.118449 -0.005225
509 98.310000 16 0.923187 2.720288 -0.116824 -0.004862
509 98.310000 15 4.070578 1.819851 0.118902 -0.002810
510 98.390000 16 0.805647 2.713571 -0.116869 -0.004978
510 98.390000 15 4.193807 1.854351 0.119173 -0.000475
511 98.470000 16 0.690654 2.710272 -0.116751 -0.004873
511 98.470000 15 4.312267 1.888556 0.119128 0.001698
512 98.550000 16 0.580562 2.706910 -0.116334 -0.004778
512 98.550000 15 4.427313 1.925208 0.118872 0.003891
513 98.630000 16 0.474171 2.702971 -0.115709 -0.004725
513 98.630000 15 4.545324 1.963542 0.118818 0.006055
514 98.710000 16 0.366379 2.699866 -0.115211 -0.004623
514 98.710000 15 4.666440 2.004706 0.118963 0.008263
515 98.790000 16 0.253686 2.697979 -0.115052 -0.004451
515 98.790000 15 4.790386 2.045533 0.119276 0.010313
516 98.870000 16 0.139483 2.690459 -0.114999 -0.004644
516 98.870000 15 4.913420 2.085705 0.119513 0.012195
517 98.950000 16 0.024874 2.684747 -0.114974 -0.004712
517 98.950000 15 5.032190 2.123903 0.119466 0.013834
518 99.030000 16 -0.087397 2.683034 -0.114804 -0.004523
518 99.030000 15 5.144891 2.161740 0.119039 0.015349
519 99.110000 16 -0.195422 2.684013 -0.114376 -0.004175
519 99.110000 15 5.256526 2.202518 0.118572 0.016954
520 99.190000 16 -0.302991 2.684077 -0.113946 -0.003907
520 99.190000 15 5.370989 2.242792 0.118312 0.018427
521 99.270000 16 -0.414467 2.682834 -0.113790 -0.003739
521 99.270000 15 5.488907 2.288785 0.118287 0.020169
522 99.350000 16 -0.528653 2.680607 -0.113815 -0.003644
522 99.350000 15 5.607026 2.335092 0.118277 0.021821
523 99.430000 16 -0.641916 2.669361 -0.113780 -0.004124
523 99.430000 15 5.722998 2.379183 0.118131 0.023229
524 99.510000 16 -0.755115 2.661240 -0.113743 -0.004377
524 99.510000 15 5.834791 2.422453 0.117730 0.024496
525 99.590000 16 -0.863782 2.655591 -0.113422 -0.004457
525 99.590000 15 5.944616 2.463399 0.117230 0.025536
526 112.390000 18 5.889540 2.967630 0.000000 0.000000
526 112.390000 17 -1.487870 2.479370 0.000000 0.000000
527 112.470000 18 5.788064 2.967283 -0.050738 -0.000173
527 112.470000 17 -1.408786 2.468499 0.039542 -0.005436
528 112.550000 18 5.673569 2.969030 -0.093243 0.001107
528 112.550000 17 -1.322705 2.452477 0.070568 -0.012493
529 112.630000 18 5.533608 2.977339 -0.116603 0.004708
529 112.630000 17 -1.229266 2.425384 0.082004 -0.019793
530 112.710000 18 5.397916 2.995972 -0.123925 0.010050
530 112.710000 17 -1.103575 2.396888 0.098762 -0.023132
531 112.790000 18 5.273199 2.996607 -0.124169 0.007147
531 112.790000 17 -0.972378 2.362751 0.108761 -0.026524
532 112.870000 18 5.160221 2.983015 -0.121294 0.001819
532 112.870000 17 -0.836203 2.328108 0.115804 -0.028610
533 112.950000 18 5.047439 2.981075 -0.119421 0.000992
533 112.950000 17 -0.707908 2.274188 0.118552 -0.034178
534 113.030000 18 4.947043 2.978114 -0.115763 0.000232
534 113.030000 17 -0.590732 2.235084 0.118288 -0.035125
535 113.110000 18 4.833957 2.972687 -0.115306 -0.000735
535 113.110000 17 -0.487400 2.214701 0.115733 -0.032608
536 113.190000 18 4.712558 2.966225 -0.116242 -0.001615
536 113.190000 17 -0.388990 2.193699 0.113071 -0.030824
537 113.270000 18 4.589865 2.957161 -0.117144 -0.002656
537 113.270000 17 -0.278884 2.165384 0.112657 -0.030474
538 113.350000 18 4.466004 2.949954 -0.118005 -0.003239
538 113.350000 17 -0.158933 2.122765 0.113592 -0.032031
539 113.430000 18 4.340494 2.943846 -0.118895 -0.003579
539 113.430000 17 -0.036731 2.075096 0.114613 -0.033885
540 113.510000 18 4.215413 2.933770 -0.119578 -0.004297
540 113.510000 17 0.084549 2.035965 0.115349 -0.034464
541 113.590000 18 4.106763 2.926720 -0.118448 -0.004581
541 113.590000 17 0.199120 2.001142 0.115269 -0.034502
542 113.670000 18 3.985175 2.907027 -0.118754 -0.006053
542 113.670000 17 0.305093 1.967890 0.114363 -0.034380
543 113.750000 18 3.862127 2.896438 -0.119150 -0.006472
543 113.750000 17 0.407474 1.933940 0.113258 -0.034340
544 113.830000 18 3.742712 2.891273 -0.119173 -0.006357
544 113.830000 17 0.513248 1.899158 0.112602 -0.034379
545 113.910000 18 3.629048 2.885827 -0.118711 -0.006281
545 113.910000 17 0.626450 1.861055 0.112652 -0.034691
546 113.990000 18 3.518588 2.880520 -0.118048 -0.006202
546 113.990000 17 0.737477 1.812136 0.112522 -0.035835
547 114.070000 18 3.414140 2.876115 -0.116995 -0.006063
547 114.070000 17 0.852377 1.770726 0.112706 -0.036266
548 114.150000 18 3.315162 2.870280 -0.115647 -0.006046
548 114.150000 17 0.967278 1.737755 0.112870 -0.036020
549 114.230000 18 3.213869 2.866281 -0.114605 -0.005898
549 114.230000 17 1.076374 1.708995 0.112596 -0.035493
550 114.310000 18 3.104210 2.863073 -0.114255 -0.005707
550 114.310000 17 1.186807 1.681551 0.112443 -0.034924
551 114.390000 18 2.991509 2.855690 -0.114148 -0.005823
551 114.390000 17 1.302061 1.654593 0.112637 -0.034374
552 114.470000 18 2.879010 2.847541 -0.114036 -0.005980
552 114.470000 17 1.423811 1.626720 0.113253 -0.033934
553 114.550000 18 2.766718 2.838742 -0.113920 -0.006168
553 114.550000 17 1.546393 1.596369 0.113873 -0.033696
554 114.630000 18 2.646371 2.822447 -0.114341 -0.006830
554 114.630000 17 1.660887 1.562223 0.113914 -0.033726
555 114.710000 18 2.535108 2.810598 -0.114142 -0.007154
555 114.710000 17 1.770669 1.531842 0.113647 -0.033510
556 114.790000 18 2.420768 2.798436 -0.114155 -0.007474
556 114.790000 17 1.877906 1.504952 0.113237 -0.033086
557 114.870000 18 2.304014 2.787068 -0.114319 -0.007721
557 114.870000 17 1.986770 1.481158 0.112960 -0.032498
558 114.950000 18 2.189375 2.782120 -0.114339 -0.007547
558 114.950000 17 2.098528 1.455092 0.112884 -0.032093
559 115.030000 18 2.076862 2.779248 -0.114225 -0.007254
559 115.030000 17 2.220999 1.439773 0.113485 -0.031042
560 115.110000 18 1.968398 2.776290 -0.113866 -0.006986
560 115.110000 17 2.347725 1.430451 0.114311 -0.029687
561 115.190000 18 1.863863 2.774297 -0.113285 -0.006675
561 115.190000 17 2.473927 1.425442 0.115051 -0.028151
562 115.270000 18 1.757614 2.773037 -0.112848 -0.006339
562 115.270000 17 2.596180 1.424120 0.115498 -0.026484
563 115.350000 18 1.648912 2.769820 -0.112590 -0.006145
563 115.350000 17 2.716472 1.426482 0.115796 -0.024693
564 115.430000 18 1.534742 2.766981 -0.112688 -0.005940
564 115.430000 17 2.839746 1.433144 0.116260 -0.022746
565 115.510000 18 1.417425 2.760810 -0.112976 -0.005954
565 115.510000 17 2.967400 1.445583 0.116968 -0.020560
566 115.590000 18 1.299309 2.751764 -0.113295 -0.006146
566 115.590000 17 3.097865 1.461612 0.117807 -0.018286
567 115.670000 18 1.184704 2.746501 -0.113377 -0.006091
567 115.670000 17 3.227547 1.480190 0.118546 -0.015992
568 115.750000 18 1.074489 2.742202 -0.113180 -0.005979
568 115.750000 17 3.352647 1.498976 0.118955 -0.013825
569 115.830000 18 0.960565 2.737923 -0.113226 -0.005873
569 115.830000 17 3.472200 1.520794 0.118992 -0.011601
570 115.910000 18 0.842372 2.731361 -0.113537 -0.005916
570 115.910000 17 3.589518 1.544663 0.118887 -0.009384
571 115.990000 18 0.722459 2.715856 -0.113936 -0.006516
571 115.990000 17 3.709906 1.572000 0.118981 -0.007086
572 116.070000 18 0.603542 2.706985 -0.114248 -0.006664
572 116.070000 17 3.835940 1.605081 0.119423 -0.004569
573 116.150000 18 0.488268 2.700231 -0.114312 -0.006670
573 116.150000 17 3.965235 1.640230 0.120043 -0.002077
574 116.230000 18 0.376664 2.695107 -0.114142 -0.006573
574 116.230000 17 4.093048 1.678265 0.120531 0.000443
575 116.310000 18 0.267234 2.690913 -0.113846 -0.006423
575 116.310000 17 4.217207 1.718874 0.120759 0.002969
576 116.390000 18 0.157513 2.686007 -0.113586 -0.006327
576 116.390000 17 4.336433 1.761461 0.120662 0.005463
577 116.470000 18 0.042899 2.681717 -0.113651 -0.006199
577 116.470000 17 4.453822 1.805142 0.120456 0.007872
578 116.550000 18 -0.071691 2.669517 -0.113710 -0.006577
578 116.550000 17 4.575646 1.849699 0.120542 0.010185
579 116.630000 18 -0.186457 2.663156 -0.113777 -0.006564
579 116.630000 17 4.699991 1.897632 0.120782 0.012567
580 116.710000 18 -0.299253 2.662931 -0.113715 -0.006164
580 116.710000 17 4.826722 1.944986 0.121158 0.014763
581 116.790000 18 -0.407345 2.665148 -0.113360 -0.005634
581 116.790000 17 4.951992 1.993345 0.121418 0.016885
582 116.870000 18 -0.512462 2.667314 -0.112839 -0.005141
582 116.870000 17 5.072606 2.042075 0.121367 0.018897
583 116.950000 18 -0.621508 2.668969 -0.112599 -0.004712
583 116.950000 17 5.186541 2.087907 0.120897 0.020599
584 117.030000 18 -0.735481 2.668332 -0.112686 -0.004454
584 117.030000 17 5.295648 2.130677 0.120152 0.022001
585 117.110000 18 -0.848027 2.661550 -0.112677 -0.004601
585 117.110000 17 5.407285 2.176070 0.119614 0.023480
586 117.190000 18 -0.957189 2.655359 -0.112455 -0.004702
586 117.190000 17 5.523982 2.225731 0.119429 0.025135
587 117.270000 18 -1.064912 2.653125 -0.112156 -0.004546
587 117.270000 17 5.642692 2.275329 0.119384 0.026682
588 117.350000 18 -1.168814 2.652458 -0.111634 -0.004301
588 117.350000 17 5.761167 2.325540 0.119326 0.028170
589 117.430000 18 -1.272317 2.651835 -0.111120 -0.004068
589 117.430000 17 5.876126 2.375425 0.119050 0.029543
590 117.510000 18 -1.378977 2.650827 -0.110838 -0.003875
590 117.510000 17 5.983271 2.425994 0.118297 0.030873
591 125.750000 20 5.951260 2.897570 0.000000 0.000000
591 125.750000 19 -1.233410 2.383190 0.000000 0.000000
592 125.830000 20 5.859651 2.926574 -0.045804 0.014502
592 125.830000 19 -1.141134 2.348301 0.046138 -0.017444
593 125.910000 20 5.766449 2.934471 -0.077403 0.010099
593 125.910000 19 -0.998863 2.315803 0.110227 -0.027480
594 125.990000 20 5.670445 2.928293 -0.086704 0.001960
594 125.990000 19 -0.845737 2.285884 0.131678 -0.028700
595 126.070000 20 5.573402 2.929370 -0.090670 0.001621
595 126.070000 19 -0.707076 2.224409 0.134356 -0.041272
596 126.150000 20 5.487545 2.927663 -0.089186 0.000595
596 126.150000 19 -0.593164 2.190898 0.128054 -0.038880
597 126.230000 20 5.404158 2.920294 -0.087696 -0.001451
597 126.230000 19 -0.494801 2.179002 0.120425 -0.031947
598 126.310000 20 5.313033 2.915017 -0.088451 -0.002293
598 126.310000 19 -0.401312 2.167713 0.114500 -0.027402
599 126.390000 20 5.203146 2.913562 -0.092572 -0.002132
599 126.390000 19 -0.291512 2.144601 0.113596 -0.026577
600 126.470000 20 5.083231 2.916059 -0.097242 -0.001341
600 126.470000 19 -0.162663 2.094225 0.116201 -0.030642
601 126.550000 20 4.960083 2.914897 -0.101223 -0.001314
601 126.550000 19 -0.034465 2.036715 0.118044 -0.034770
602 126.630000 20 4.836354 2.910014 -0.104368 -0.001812
602 126.630000 19 0.088726 1.994323 0.118764 -0.035835
603 126.710000 20 4.710966 2.900245 -0.107063 -0.002833
603 126.710000 19 0.203387 1.955992 0.118238 -0.036155
604 126.790000 20 4.591209 2.891378 -0.108568 -0.003548
604 126.790000 19 0.312803 1.925083 0.117192 -0.035533
605 126.870000 20 4.466145 2.875189 -0.110390 -0.004944
605 126.870000 19 0.424276 1.895412 0.116560 -0.034886
606 126.950000 20 4.340159 2.855507 -0.112002 -0.006468
606 126.950000 19 0.546048 1.861059 0.117099 -0.034831
607 127.030000 20 4.221711 2.848861 -0.112630 -0.006485
607 127.030000 19 0.670848 1.818765 0.117849 -0.035558
608 127.110000 20 4.108512 2.849063 -0.112683 -0.005869
608 127.110000 19 0.794228 1.780545 0.118359 -0.035803
609 127.190000 20 3.999830 2.849332 -0.112332 -0.005330
609 127.190000 19 0.916864 1.750121 0.118734 -0.035332
610 127.270000 20 3.892339 2.850827 -0.111926 -0.004758
610 127.270000 19 1.033824 1.725942 0.118586 -0.034397
611 127.350000 20 3.792741 2.850727 -0.110935 -0.004384
611 127.350000 19 1.145295 1.702032 0.118014 -0.033554
612 127.430000 20 3.697140 2.847437 -0.109748 -0.004299
612 127.430000 19 1.261163 1.675361 0.117848 -0.033021
613 127.510000 20 3.593902 2.846451 -0.109261 -0.004051
613 127.510000 19 1.386278 1.644334 0.118392 -0.032872
614 127.590000 20 3.486377 2.842850 -0.109135 -0.004019
614 127.590000 19 1.513584 1.610670 0.119039 -0.032929
615 127.670000 20 3.372930 2.830156 -0.109440 -0.004632
615 127.670000 19 1.632475 1.569347 0.119028 -0.033523
616 127.750000 20 3.260674 2.815147 -0.109634 -0.005348
616 127.750000 19 1.743206 1.529242 0.118456 -0.033977
617 127.830000 20 3.126645 2.807206 -0.111284 -0.005523
617 127.830000 19 1.851176 1.494061 0.117747 -0.034059
618 127.910000 20 3.002721 2.799399 -0.112123 -0.005675
618 127.910000 19 1.959622 1.463897 0.117129 -0.033800
619 127.990000 20 2.888666 2.795101 -0.112250 -0.005585
619 127.990000 19 2.072013 1.434237 0.116819 -0.033529
620 128.070000 20 2.769863 2.788829 -0.112673 -0.005629
620 128.070000 19 2.197920 1.414547 0.117406 -0.032635
621 128.150000 20 2.648055 2.781081 -0.113257 -0.005765
621 128.150000 19 2.329502 1.401469 0.118312 -0.031385
622 128.230000 20 2.528293 2.776864 -0.113669 -0.005667
622 128.230000 19 2.460161 1.391275 0.119095 -0.030042
623 128.310000 20 2.410562 2.775118 -0.113925 -0.005420
623 128.310000 19 2.587237 1.383407 0.119597 -0.028646
624 128.390000 20 2.297121 2.773122 -0.113894 -0.005205
624 128.390000 19 2.707112 1.376808 0.119614 -0.027265
625 128.470000 20 2.187266 2.771227 -0.113642 -0.004999
625 128.470000 19 2.826593 1.372849 0.119606 -0.025811
626 128.550000 20 2.078156 2.767831 -0.113360 -0.004899
626 128.550000 19 2.951314 1.372371 0.119924 -0.024234
627 128.630000 20 1.964709 2.765093 -0.113366 -0.004765
627 128.630000 19 3.079534 1.374295 0.120440 -0.022609
628 128.710000 20 1.846206 2.762822 -0.113685 -0.004610
628 128.710000 19 3.208053 1.377923 0.120942 -0.020980
629 128.790000 20 1.724691 2.758671 -0.114171 -0.004581
629 128.790000 19 3.332413 1.382369 0.121154 -0.019401
630 128.870000 20 1.603127 2.752215 -0.114630 -0.004698
630 128.870000 19 3.450728 1.388624 0.120978 -0.017807
631 128.950000 20 1.485764 2.747711 -0.114800 -0.004686
631 128.950000 19 3.562688 1.396852 0.120417 -0.016189
632 129.030000 20 1.372247 2.745198 -0.114720 -0.004551
632 129.030000 19 3.674543 1.408292 0.119884 -0.014469
633 129.110000 20 1.260076 2.744399 -0.114561 -0.004317
633 129.110000 19 3.792109 1.426410 0.119740 -0.012439
634 129.190000 20 1.143811 2.740693 -0.114668 -0.004279
634 129.190000 19 3.912940 1.451284 0.119808 -0.010111
635 129.270000 20 1.025276 2.730248 -0.114909 -0.004664
635 129.270000 19 4.035042 1.477707 0.119951 -0.007828
636 129.350000 20 0.906630 2.726467 -0.115143 -0.004609
636 129.350000 19 4.156440 1.505701 0.120042 -0.005586
637 129.430000 20 0.791926 2.723702 -0.115116 -0.004493
637 129.430000 19 4.271818 1.534817 0.119749 -0.003411
638 129.510000 20 0.682289 2.721881 -0.114772 -0.004326
638 129.510000 19 4.382544 1.566222 0.119183 -0.001227
639 129.590000 20 0.573250 2.720084 -0.114412 -0.004167
639 129.590000 19 4.496713 1.599226 0.118868 0.000924
640 129.670000 20 0.462815 2.718188 -0.114162 -0.004024
640 129.670000 19 4.615363 1.635031 0.118855 0.003118
641 129.760000 20 0.345868 2.717970 -0.114337 -0.003784
641 129.760000 19 4.735571 1.671822 0.118940 0.005238
642 129.830000 20 0.227481 2.712384 -0.114592 -0.003898
642 129.830000 19 4.853629 1.710260 0.118884 0.007331
643 129.920000 20 0.108267 2.708246 -0.114884 -0.003913
643 129.920000 19 4.968531 1.747990 0.118633 0.009250
644 130.000000 20 -0.008342 2.707468 -0.114993 -0.003715
644 130.000000 19 5.076442 1.782626 0.117955 0.010854
645 130.080000 20 -0.121728 2.708542 -0.114891 -0.003412
645 130.080000 19 5.180080 1.817361 0.117050 0.012364
646 130.160000 20 -0.233214 2.710112 -0.114676 -0.003097
646 130.160000 19 5.285460 1.855304 0.116311 0.013983
647 130.240000 20 -0.348319 2.711297 -0.114703 -0.002825
647 130.240000 19 5.394373 1.899440 0.115842 0.015893
648 130.320000 20 -0.468743 2.709726 -0.115065 -0.002746
648 130.320000 19 5.504245 1.946519 0.115464 0.017869
649 130.390000 20 -0.587784 2.703277 -0.115317 -0.002981
649 130.390000 19 5.614437 1.992784 0.115130 0.019668
650 130.480000 20 -0.705987 2.697078 -0.115500 -0.003184
650 130.480000 19 5.722853 2.038755 0.114705 0.021334
651 130.550000 20 -0.822177 2.694342 -0.115544 -0.003156
651 130.550000 19 5.826122 2.083658 0.113981 0.022826
652 130.640000 20 -0.934779 2.691618 -0.115358 -0.003129
652 130.640000 19 5.923250 2.130367 0.112914 0.024338
653 130.720000 20 -1.044178 2.687409 -0.114980 -0.003197
653 130.720000 19 6.025743 2.177823 0.112255 0.025801
654 147.120000 21 -1.165640 3.594800 0.000000 0.000000
654 147.120000 22 6.043220 2.951200 0.000000 0.000000
655 147.200000 21 -1.106031 3.584116 0.029804 -0.005342
655 147.200000 22 5.934242 2.924427 -0.054489 -0.013387
656 147.280000 21 -1.015813 3.570867 0.070080 -0.010613
656 147.280000 22 5.798342 2.903472 -0.108763 -0.018432
657 147.360000 21 -0.887977 3.561422 0.098959 -0.010029
657 147.360000 22 5.678467 2.905127 -0.114320 -0.008388
658 147.440000 21 -0.744854 3.547397 0.115900 -0.011562
658 147.440000 22 5.571286 2.915481 -0.111581 -0.001199
659 147.520000 21 -0.606583 3.516516 0.122797 -0.017518
659 147.520000 22 5.465032 2.924621 -0.109939 0.001988
660 147.600000 21 -0.485890 3.469691 0.122256 -0.025048
660 147.600000 22 5.367371 2.928826 -0.106785 0.002558
661 147.680000 21 -0.381802 3.442783 0.118259 -0.025457
661 147.680000 22 5.279669 2.925704 -0.102586 0.001308
662 147.760000 21 -0.288934 3.431732 0.113377 -0.022687
662 147.760000 22 5.176262 2.924641 -0.102744 0.000852
663 147.840000 21 -0.195913 3.419530 0.109901 -0.020896
663 147.840000 22 5.066942 2.918418 -0.103867 -0.000356
664 147.920000 21 -0.090749 3.383540 0.109173 -0.023216
664 147.920000 22 4.950569 2.917059 -0.105789 -0.000510
665 148.000000 21 0.021533 3.318331 0.109607 -0.029084
665 148.000000 22 4.829319 2.919297 -0.107949 -0.000126
666 148.080000 21 0.134737 3.264339 0.110069 -0.032278
666 148.080000 22 4.703654 2.916018 -0.110221 -0.000530
667 148.160000 21 0.248967 3.218255 0.110562 -0.033915
667 148.160000 22 4.587077 2.915327 -0.110975 -0.000549
668 148.240000 21 0.354691 3.173808 0.110028 -0.035077
668 148.240000 22 4.471451 2.905229 -0.111488 -0.001604
669 148.320000 21 0.450728 3.125176 0.108581 -0.036479
669 148.320000 22 4.356945 2.896347 -0.111800 -0.002356
670 148.400000 21 0.544794 3.072602 0.107167 -0.038047
670 148.400000 22 4.242278 2.889841 -0.112080 -0.002761
671 148.480000 21 0.645477 3.014340 0.106569 -0.039911
671 148.480000 22 4.132046 2.884593 -0.111909 -0.002990
672 148.560000 21 0.748533 2.949995 0.106261 -0.042054
672 148.560000 22 4.024263 2.881560 -0.111547 -0.002994
673 148.640000 21 0.846803 2.873639 0.105591 -0.044929
673 148.640000 22 3.917780 2.881791 -0.111123 -0.002723
674 148.720000 21 0.942822 2.802502 0.104822 -0.047035
674 148.720000 22 3.818827 2.880886 -0.110145 -0.002577
675 148.800000 21 1.035694 2.739202 0.103897 -0.048294
675 148.800000 22 3.725279 2.878440 -0.108860 -0.002567
676 148.880000 21 1.127620 2.678518 0.103001 -0.049222
676 148.880000 22 3.630984 2.872953 -0.107770 -0.002786
677 148.960000 21 1.219912 2.616256 0.102223 -0.050169
677 148.960000 22 3.530028 2.868337 -0.107275 -0.002919
678 149.040000 21 1.315147 2.548896 0.101729 -0.051384
678 149.040000 22 3.423532 2.867520 -0.107220 -0.002770
679 149.120000 21 1.410908 2.472771 0.101317 -0.053092
679 149.120000 22 3.312946 2.863880 -0.107452 -0.002830
680 149.200000 21 1.507977 2.401362 0.101030 -0.054330
680 149.200000 22 3.199036 2.857991 -0.107889 -0.003037
681 149.280000 21 1.605605 2.337317 0.100804 -0.054975
681 149.280000 22 3.092188 2.851745 -0.107820 -0.003250
682 149.360000 21 1.699765 2.277717 0.100369 -0.055278
682 149.360000 22 2.987050 2.845432 -0.107644 -0.003450
683 149.440000 21 1.790392 2.220603 0.099740 -0.055397
683 149.440000 22 2.881360 2.838251 -0.107518 -0.003691
684 149.520000 21 1.887743 2.164918 0.099587 -0.055415
684 149.520000 22 2.776273 2.824044 -0.107363 -0.004364
685 149.600000 21 1.989654 2.108386 0.099735 -0.055486
685 149.600000 22 2.665792 2.832479 -0.107560 -0.003552
686 149.680000 21 2.094261 2.057631 0.100041 -0.055188
686 149.680000 22 2.555564 2.841128 -0.107728 -0.002784
687 149.760000 21 2.201783 2.012752 0.100510 -0.054542
687 149.760000 22 2.447805 2.842995 -0.107730 -0.002493
688 149.840000 21 2.307721 1.975091 0.100849 -0.053489
688 149.840000 22 2.347894 2.840681 -0.107242 -0.002482
689 149.920000 21 2.410486 1.944250 0.100968 -0.052079
689 149.920000 22 2.252106 2.836947 -0.106529 -0.002560
690 150.000000 21 2.516452 1.918193 0.101279 -0.050462
690 150.000000 22 2.155790 2.832094 -0.105895 -0.002702
691 150.080000 21 2.627852 1.896518 0.101907 -0.048675
691 150.080000 22 2.053974 2.828821 -0.105641 -0.002738
692 150.160000 21 2.743319 1.881905 0.102749 -0.046560
692 150.160000 22 1.948770 2.825211 -0.105614 -0.002792
693 150.240000 21 2.858908 1.874942 0.103546 -0.044100
693 150.240000 22 1.838196 2.814115 -0.105922 -0.003308
694 150.320000 21 2.971862 1.871798 0.104131 -0.041554
694 150.320000 22 1.728938 2.806126 -0.106130 -0.003599
695 150.400000 21 3.080484 1.873791 0.104411 -0.038844
695 150.400000 22 1.624659 2.802272 -0.106015 -0.003615
696 150.480000 21 3.183319 1.880074 0.104313 -0.036032
696 150.480000 22 1.523211 2.798294 -0.105730 -0.003637
697 150.560000 21 3.283573 1.890849 0.104059 -0.033112
697 150.560000 22 1.417239 2.793960 -0.105745 -0.003681
698 150.640000 21 3.391167 1.912392 0.104280 -0.029696
698 150.640000 22 1.305314 2.784593 -0.106131 -0.004036
699 150.720000 21 3.504284 1.943612 0.104833 -0.025884
699 150.720000 22 1.193555 2.776364 -0.106483 -0.004298
700 150.800000 21 3.616995 1.982048 0.105327 -0.021854
700 150.800000 22 1.083364 2.770730 -0.106716 -0.004382
701 150.880000 21 3.729380 2.022787 0.105770 -0.017926
701 150.880000 22 0.973854 2.768583 -0.106891 -0.004242
702 150.960000 21 3.837109 2.066130 0.105893 -0.014077
702 150.960000 22 0.869658 2.766476 -0.106722 -0.004108
703 151.040000 21 3.940108 2.112590 0.105711 -0.010270
703 151.040000 22 0.765909 2.763697 -0.106535 -0.004024
704 151.120000 21 4.042762 2.162603 0.105518 -0.006475
704 151.120000 22 0.659516 2.759953 -0.106526 -0.004007
705 151.200000 21 4.150080 2.216099 0.105632 -0.002696
705 151.200000 22 0.547998 2.757631 -0.106840 -0.003900
706 151.280000 21 4.260106 2.272771 0.105909 0.001048
706 151.280000 22 0.434807 2.748971 -0.107241 -0.004201
707 151.360000 21 4.371140 2.331482 0.106232 0.004686
707 151.360000 22 0.320774 2.743292 -0.107670 -0.004294
708 151.440000 21 4.480190 2.389904 0.106410 0.008079
708 151.440000 22 0.210831 2.742728 -0.107813 -0.004058
709 151.520000 21 4.583801 2.440341 0.106233 0.010754
709 151.520000 22 0.103958 2.743664 -0.107754 -0.003743
710 151.600000 21 4.683138 2.489513 0.105798 0.013182
710 151.600000 22 -0.003748 2.744483 -0.107751 -0.003455
711 151.680000 21 4.778534 2.531827 0.105140 0.015023
711 151.680000 22 -0.116623 2.742974 -0.108074 -0.003332
712 151.760000 21 4.884064 2.574840 0.105165 0.016792
712 151.760000 22 -0.231645 2.736539 -0.108514 -0.003528
713 151.840000 21 4.999698 2.622547 0.105827 0.018747
713 151.840000 22 -0.346330 2.728154 -0.108904 -0.003835
714 151.920000 21 5.119114 2.671768 0.106686 0.020674
714 151.920000 22 -0.459616 2.723189 -0.109181 -0.003906
715 152.000000 21 5.240387 2.715366 0.107608 0.022123
715 152.000000 22 -0.569809 2.721172 -0.109245 -0.003787
716 152.080000 21 5.357444 2.757214 0.108206 0.023371
716 152.080000 22 -0.676997 2.719361 -0.109115 -0.003662
717 152.160000 21 5.470166 2.796730 0.108491 0.024392
717 152.160000 22 -0.783918 2.716183 -0.108976 -0.003631
718 152.240000 21 5.585559 2.831626 0.108928 0.025056
718 152.240000 22 -0.894796 2.711336 -0.109096 -0.003708
719 152.320000 21 5.703720 2.866487 0.109512 0.025676
719 152.320000 22 -1.006250 2.701458 -0.109245 -0.004098
720 152.400000 21 5.825062 2.899593 0.110260 0.026146
720 152.400000 22 -1.120753 2.696155 -0.109578 -0.004175
721 152.480000 21 5.946385 2.928281 0.110959 0.026306
721 152.480000 22 -1.233957 2.694884 -0.109807 -0.003991
722 161.930000 23 -1.438770 3.409890 0.000000 0.000000
722 161.930000 24 5.949920 2.920850 0.000000 0.000000
723 162.010000 23 -1.356734 3.377926 0.041018 -0.015982
723 162.010000 24 5.865556 2.939774 -0.042182 0.009462
724 162.090000 23 -1.270455 3.342213 0.071192 -0.029136
724 162.090000 24 5.763114 2.933455 -0.082355 -0.001059
725 162.170000 23 -1.190381 3.306112 0.075634 -0.032619
725 162.170000 24 5.644723 2.932821 -0.100374 -0.000847
726 162.250000 23 -1.098590 3.263855 0.081832 -0.036316
726 162.250000 24 5.547513 2.929071 -0.099160 -0.001960
727 162.330000 23 -0.987540 3.211175 0.090839 -0.041361
727 162.330000 24 5.468576 2.910128 -0.092926 -0.007196
728 162.410000 23 -0.865156 3.154636 0.098944 -0.045260
728 162.410000 24 5.356772 2.904382 -0.097776 -0.006823
729 162.490000 23 -0.747281 3.077525 0.103108 -0.052267
729 162.490000 24 5.227911 2.896336 -0.104615 -0.007092
730 162.570000 23 -0.644341 3.003133 0.103076 -0.056521
730 162.570000 24 5.092947 2.892730 -0.110450 -0.006422
731 162.650000 23 -0.548667 2.946146 0.101812 -0.056601
731 162.650000 24 4.959997 2.880604 -0.114293 -0.007396
732 162.730000 23 -0.456637 2.898853 0.100309 -0.055171
732 162.730000 24 4.821269 2.860133 -0.118047 -0.009405
733 162.810000 23 -0.357442 2.848968 0.100153 -0.054432
733 162.810000 24 4.687981 2.840607 -0.120177 -0.010820
734 162.890000 23 -0.245065 2.777567 0.101721 -0.056608
734 162.890000 24 4.555348 2.819529 -0.121774 -0.012135
735 162.970000 23 -0.130385 2.708432 0.103257 -0.058093
735 162.970000 24 4.416054 2.802695 -0.123852 -0.012692
736 163.050000 23 -0.013347 2.651642 0.104779 -0.057949
736 163.050000 24 4.285697 2.796959 -0.124570 -0.011924
737 163.130000 23 0.093565 2.594523 0.104999 -0.057864
737 163.130000 24 4.165893 2.795461 -0.124077 -0.010846
738 163.210000 23 0.198837 2.541239 0.105026 -0.057417
738 163.210000 24 4.053150 2.798533 -0.122973 -0.009490
739 163.290000 23 0.302319 2.491594 0.104883 -0.056701
739 163.290000 24 3.945796 2.800165 -0.121533 -0.008464
740 163.370000 23 0.405021 2.437703 0.104692 -0.056454
740 163.370000 24 3.841276 2.799838 -0.120040 -0.007751
741 163.450000 23 0.515936 2.379591 0.105214 -0.056593
741 163.450000 24 3.737753 2.798194 -0.118656 -0.007239
742 163.530000 23 0.626584 2.314312 0.105650 -0.057291
742 163.530000 24 3.626528 2.796516 -0.118059 -0.006792
743 163.610000 23 0.740015 2.255242 0.106253 -0.057429
743 163.610000 24 3.509808 2.793159 -0.117955 -0.006526
744 163.690000 23 0.853099 2.205032 0.106764 -0.056889
744 163.690000 24 3.390066 2.789447 -0.118089 -0.006315
745 163.770000 23 0.962738 2.160234 0.106973 -0.056011
745 163.770000 24 3.266845 2.780269 -0.118462 -0.006523
746 163.850000 23 1.073096 2.114990 0.107212 -0.055250
746 163.850000 24 3.147859 2.771682 -0.118499 -0.006669
747 163.930000 23 1.191448 2.067550 0.107981 -0.054711
747 163.930000 24 3.034355 2.764740 -0.118154 -0.006688
748 164.010000 23 1.313972 2.018512 0.108964 -0.054327
748 164.010000 24 2.921678 2.759897 -0.117784 -0.006563
749 164.090000 23 1.434565 1.966755 0.109737 -0.054156
749 164.090000 24 2.799261 2.751450 -0.118091 -0.006688
750 164.170000 23 1.547186 1.915045 0.109925 -0.053996
750 164.170000 24 2.677003 2.744366 -0.118364 -0.006714
751 164.250000 23 1.656024 1.869821 0.109855 -0.053430
751 164.250000 24 2.563503 2.732886 -0.118050 -0.007022
752 164.330000 23 1.763946 1.832231 0.109732 -0.052417
752 164.330000 24 2.467373 2.718424 -0.116649 -0.007498
753 164.410000 23 1.872548 1.800750 0.109660 -0.051090
753 164.410000 24 2.351349 2.722324 -0.116609 -0.006775
754 164.490000 23 1.983100 1.768300 0.109716 -0.049917
754 164.490000 24 2.240876 2.722939 -0.116223 -0.006310
755 164.570000 23 2.105188 1.747570 0.110491 -0.048089
755 164.570000 24 2.129478 2.721492 -0.115921 -0.006005
756 164.650000 23 2.230504 1.735704 0.111416 -0.045829
756 164.650000 24 2.014281 2.717902 -0.115875 -0.005855
757 164.730000 23 2.354110 1.728552 0.112175 -0.043421
757 164.730000 24 1.895754 2.714779 -0.116041 -0.005685
758 164.810000 23 2.473948 1.723012 0.112651 -0.041067
758 164.810000 24 1.776434 2.708262 -0.116244 -0.005736
759 164.890000 23 2.590616 1.719449 0.112900 -0.038739
759 164.890000 24 1.658275 2.700400 -0.116363 -0.005868
760 164.970000 23 2.710537 1.719539 0.113336 -0.036328
760 164.970000 24 1.542366 2.695588 -0.116335 -0.005803
761 165.050000 23 2.835798 1.722603 0.114077 -0.033881
761 165.050000 24 1.431191 2.694172 -0.116014 -0.005530
762 165.130000 23 2.963526 1.728684 0.114926 -0.031397
762 165.130000 24 1.317265 2.693113 -0.115885 -0.005252
763 165.210000 23 3.089451 1.738256 0.115610 -0.028847
763 165.210000 24 1.199223 2.690124 -0.116019 -0.005112
764 165.290000 23 3.210180 1.749478 0.115929 -0.026350
764 165.290000 24 1.078135 2.681169 -0.116335 -0.005351
765 165.370000 23 3.323722 1.760751 0.115780 -0.024003
765 165.370000 24 0.959391 2.676246 -0.116485 -0.005324
766 165.450000 23 3.433710 1.774339 0.115418 -0.021654
766 165.450000 24 0.843944 2.674220 -0.116420 -0.005118
767 165.530000 23 3.548889 1.795785 0.115403 -0.018957
767 165.530000 24 0.732247 2.672368 -0.116125 -0.004914
768 165.610000 23 3.669816 1.828185 0.115749 -0.015738
768 165.610000 24 0.624728 2.670252 -0.115585 -0.004738
769 165.690000 23 3.790338 1.867756 0.116049 -0.012268
769 165.690000 24 0.515820 2.668191 -0.115166 -0.004570
770 165.770000 23 3.910625 1.909079 0.116315 -0.008901
770 165.770000 24 0.400922 2.666939 -0.115150 -0.004362
771 165.850000 23 4.027661 1.951200 0.116360 -0.005692
771 165.850000 24 0.283552 2.663216 -0.115289 -0.004322
772 165.930000 23 4.138755 1.994569 0.116029 -0.002604
772 165.930000 24 0.164256 2.656895 -0.115541 -0.004448
773 166.010000 23 4.249763 2.038857 0.115713 0.000351
773 166.010000 24 0.046527 2.655703 -0.115679 -0.004243
774 166.090000 23 4.363242 2.086601 0.115572 0.003340
774 166.090000 24 -0.067027 2.657133 -0.115545 -0.003885
775 166.170000 23 4.480614 2.135751 0.115685 0.006230
775 166.170000 24 -0.177304 2.659743 -0.115213 -0.003475
776 166.250000 23 4.598914 2.185745 0.115850 0.008993
776 166.250000 24 -0.287016 2.664110 -0.114866 -0.002980
777 166.330000 23 4.715355 2.235429 0.115888 0.011563
777 166.330000 24 -0.402686 2.667263 -0.114916 -0.002593
778 166.410000 23 4.826449 2.282591 0.115585 0.013813
778 166.410000 24 -0.521339 2.666547 -0.115152 -0.002474
779 166.490000 23 4.932107 2.327079 0.114957 0.015751
779 166.490000 24 -0.637476 2.658546 -0.115215 -0.002823
780 166.570000 23 5.038511 2.372117 0.114417 0.017603
780 166.570000 24 -0.752657 2.654853 -0.115213 -0.002878
781 166.650000 23 5.151104 2.420660 0.114301 0.019559
781 166.650000 24 -0.864213 2.653280 -0.114981 -0.002796
782 166.730000 23 5.266568 2.470172 0.114375 0.021453
782 166.730000 24 -0.974722 2.652389 -0.114699 -0.002675
783 166.810000 23 5.382658 2.518616 0.114483 0.023160
783 166.810000 24 -1.085455 2.650134 -0.114448 -0.002649
784 166.890000 23 5.495086 2.566900 0.114353 0.024748
784 166.890000 24 -1.199756 2.646283 -0.114439 -0.002725
785 166.970000 23 5.602434 2.612257 0.113910 0.026052
785 166.970000 24 -1.314816 2.637265 -0.114478 -0.003123
786 167.050000 23 5.705361 2.656925 0.113216 0.027229
786 167.050000 24 -1.434805 2.633799 -0.114826 -0.003144
787 167.130000 23 5.809124 2.699792 0.112618 0.028218
787 167.130000 24 -1.553638 2.632830 -0.115080 -0.003007
788 167.210000 23 5.918703 2.739786 0.112426 0.028962
788 167.210000 24 -1.669904 2.633192 -0.115155 -0.002794
789 167.290000 23 6.032966 2.773305 0.112542 0.029250
789 167.290000 24 -1.782799 2.633945 -0.115012 -0.002570
