0 18.920000 2 7.547990 0.363550
0 18.920000 1 -12.669410 0.439280
1 19.000000 2 7.526810 0.383320
1 19.000000 1 -12.597440 0.436620
2 19.080000 2 7.495200 0.389780
2 19.080000 1 -12.524150 0.435600
3 19.160000 2 7.455930 0.390730
3 19.160000 1 -12.440660 0.434010
4 19.240000 2 7.413570 0.389490
4 19.240000 1 -12.352800 0.430430
5 19.320000 2 7.353070 0.407270
5 19.320000 1 -12.278390 0.427570
6 19.400000 2 7.289130 0.412290
6 19.400000 1 -12.194730 0.424390
7 19.480000 2 7.214080 0.431440
7 19.480000 1 -12.079970 0.419910
8 19.560000 2 7.115960 0.433950
8 19.560000 1 -12.019400 0.417350
9 19.640000 2 6.988970 0.466480
9 19.640000 1 -11.938030 0.414090
10 19.720000 2 6.855700 0.491770
10 19.720000 1 -11.780180 0.408520
11 19.800000 2 6.720030 0.514940
11 19.800000 1 -11.647100 0.404110
12 19.880000 2 6.581520 0.535010
12 19.880000 1 -11.486330 0.435290
13 19.960000 2 6.456910 0.555260
13 19.960000 1 -11.359910 0.443150
14 20.040000 2 6.326400 0.572650
14 20.040000 1 -11.245130 0.442480
15 20.120000 2 6.162610 0.584840
15 20.120000 1 -11.124250 0.438500
16 20.200000 2 5.991860 0.575450
16 20.200000 1 -11.008950 0.434110
17 20.280000 2 5.846160 0.562830
17 20.280000 1 -10.930890 0.466020
18 20.360000 2 5.710390 0.568190
18 20.360000 1 -10.773330 0.469240
19 20.440000 2 5.577510 0.560180
19 20.440000 1 -10.577190 0.427580
20 20.520000 2 5.468800 0.550340
20 20.520000 1 -10.434700 0.409860
21 20.600000 2 5.313520 0.569010
21 20.600000 1 -10.274070 0.434300
22 20.680000 2 5.142720 0.577930
22 20.680000 1 -10.167690 0.406330
23 20.760000 2 4.990390 0.568810
23 20.760000 1 -10.054390 0.393070
24 20.840000 2 4.850210 0.587690
24 20.840000 1 -9.909690 0.385290
25 20.920000 2 4.714580 0.582190
25 20.920000 1 -9.739120 0.411280
26 21.000000 2 4.597810 0.570390
26 21.000000 1 -9.571610 0.415200
27 21.080000 2 4.485780 0.556030
27 21.080000 1 -9.433250 0.444290
28 21.160000 2 4.344240 0.552240
28 21.160000 1 -9.312200 0.449870
29 21.240000 2 4.188110 0.535490
29 21.240000 1 -9.185400 0.445950
30 21.320000 2 4.053610 0.517660
30 21.320000 1 -9.050090 0.438580
31 21.400000 2 3.923940 0.499180
31 21.400000 1 -8.878410 0.428280
32 21.480000 2 3.794790 0.494250
32 21.480000 1 -8.700140 0.418100
33 21.560000 2 3.691460 0.484400
33 21.560000 1 -8.560890 0.439600
34 21.640000 2 3.571110 0.481070
34 21.640000 1 -8.423700 0.440650
35 21.720000 2 3.417290 0.475060
35 21.720000 1 -8.289810 0.434320
36 21.800000 2 3.259530 0.480350
36 21.800000 1 -8.150770 0.425890
37 21.880000 2 3.116430 0.478940
37 21.880000 1 -8.028000 0.391490
38 21.960000 2 2.985930 0.486110
38 21.960000 1 -7.834530 0.400470
39 22.040000 2 2.875270 0.486620
39 22.040000 1 -7.679840 0.399810
40 22.120000 2 2.771660 0.473480
40 22.120000 1 -7.559180 0.396370
41 22.200000 2 2.627990 0.475430
41 22.200000 1 -7.431950 0.390820
42 22.280000 2 2.474560 0.471510
42 22.280000 1 -7.298370 0.384230
43 22.360000 2 2.334720 0.465900
43 22.360000 1 -7.153300 0.376620
44 22.440000 2 2.208690 0.459590
44 22.440000 1 -6.990600 0.367810
45 22.520000 2 2.086830 0.467440
45 22.520000 1 -6.830020 0.382290
46 22.600000 2 1.997630 0.471580
46 22.600000 1 -6.678510 0.379890
47 22.680000 2 1.872210 0.473300
47 22.680000 1 -6.556200 0.373350
48 22.760000 2 1.733150 0.487150
48 22.760000 1 -6.444570 0.365790
49 22.840000 2 1.588440 0.495790
49 22.840000 1 -6.327580 0.357710
50 22.920000 2 1.443400 0.508510
50 22.920000 1 -6.193600 0.348950
51 23.000000 2 1.302890 0.511500
51 23.000000 1 -6.027340 0.359120
52 23.080000 2 1.169790 0.500380
52 23.080000 1 -5.867940 0.356920
53 23.160000 2 1.061370 0.500350
53 23.160000 1 -5.722990 0.350580
54 23.240000 2 0.891740 0.476270
54 23.240000 1 -5.597180 0.363330
55 23.320000 2 0.751110 0.477070
55 23.320000 1 -5.454780 0.360120
56 23.400000 2 0.648670 0.507240
56 23.400000 1 -5.337520 0.372720
57 23.480000 2 0.537700 0.515210
57 23.480000 1 -5.197600 0.386000
58 23.560000 2 0.424360 0.530250
58 23.560000 1 -5.028710 0.378340
59 23.640000 2 0.323280 0.537060
59 23.640000 1 -4.869250 0.365140
60 23.720000 2 0.214590 0.543960
60 23.720000 1 -4.739330 0.353180
61 23.800000 2 0.080820 0.540960
61 23.800000 1 -4.610900 0.373460
62 23.880000 2 -0.076280 0.544120
62 23.880000 1 -4.490740 0.374650
63 23.960000 2 -0.206480 0.514790
63 23.960000 1 -4.376510 0.349340
64 24.040000 2 -0.345110 0.577230
64 24.040000 1 -4.226580 0.345350
65 24.120000 2 -0.451120 0.605040
65 24.120000 1 -4.068290 0.335760
66 24.200000 2 -0.542180 0.627140
66 24.200000 1 -3.931800 0.340410
67 24.280000 2 -0.665690 0.647470
67 24.280000 1 -3.814540 0.307080
68 24.360000 2 -0.815130 0.667860
68 24.360000 1 -3.727330 0.295040
69 24.440000 2 -0.951560 0.667530
69 24.440000 1 -3.633390 0.286890
70 24.520000 2 -1.038390 0.648840
70 24.520000 1 -3.518430 0.267180
71 24.600000 2 -1.102190 0.637210
71 24.600000 1 -3.392820 0.231340
72 24.680000 2 -1.131600 0.610260
72 24.680000 1 -3.286370 0.215010
73 24.760000 2 -1.181900 0.614950
73 24.760000 1 -3.206260 0.194470
74 24.840000 2 -1.279640 0.634420
74 24.840000 1 -3.142280 0.175370
75 24.920000 2 -1.452520 0.696850
75 24.920000 1 -3.096210 0.156280
76 25.000000 2 -1.608490 0.755470
76 25.000000 1 -3.046530 0.138790
77 25.080000 2 -1.740410 0.797310
77 25.080000 1 -2.990790 0.122510
78 25.160000 2 -1.842590 0.829840
78 25.160000 1 -2.917530 0.117040
79 25.240000 2 -1.923330 0.847110
79 25.240000 1 -2.840580 0.116040
80 25.320000 2 -2.028300 0.849160
80 25.320000 1 -2.775010 0.115930
81 25.400000 2 -2.136350 0.849880
81 25.400000 1 -2.704920 0.124750
82 25.480000 2 -2.210300 0.831540
82 25.480000 1 -2.634960 0.126820
83 25.560000 2 -2.235010 0.815450
83 25.560000 1 -2.551850 0.125010
84 25.640000 2 -2.245400 0.818080
84 25.640000 1 -2.451600 0.129120
85 25.720000 2 -2.284730 0.844490
85 25.720000 1 -2.330130 0.132560
86 25.800000 2 -2.337880 0.845140
86 25.800000 1 -2.220580 0.157920
87 25.880000 2 -2.390850 0.842980
87 25.880000 1 -2.117900 0.178790
88 25.960000 2 -2.511270 0.829190
88 25.960000 1 -2.011500 0.211410
89 26.040000 2 -2.711430 0.864070
89 26.040000 1 -1.905790 0.238040
90 26.120000 2 -2.862620 0.880220
90 26.120000 1 -1.804380 0.256120
91 26.200000 2 -2.968740 1.001950
91 26.200000 1 -1.663270 0.286860
92 26.280000 2 -3.124210 0.819360
92 26.280000 1 -1.510090 0.323550
93 26.360000 2 -3.208220 0.794350
93 26.360000 1 -1.364660 0.344200
94 26.440000 2 -3.356140 0.666190
94 26.440000 1 -1.215730 0.361920
95 26.520000 2 -3.455060 0.621020
95 26.520000 1 -1.060980 0.364820
96 26.600000 2 -3.530350 0.641390
96 26.600000 1 -0.877560 0.335640
97 26.680000 2 -3.618630 0.629080
97 26.680000 1 -0.730160 0.342240
98 26.760000 2 -3.688090 0.598430
98 26.760000 1 -0.580210 0.352390
99 26.840000 2 -3.740290 0.569720
99 26.840000 1 -0.426310 0.333020
100 26.920000 2 -3.775340 0.539090
100 26.920000 1 -0.341510 0.358630
101 27.000000 2 -3.840180 0.515520
101 27.000000 1 -0.252890 0.402010
102 27.080000 2 -3.963220 0.502640
102 27.080000 1 -0.156060 0.423240
103 27.160000 2 -4.173660 0.502380
103 27.160000 1 -0.062110 0.417380
104 27.240000 2 -4.355470 0.502440
104 27.240000 1 0.041870 0.405750
105 27.320000 2 -4.492140 0.493060
105 27.320000 1 0.186340 0.381540
106 27.400000 2 -4.615860 0.500780
106 27.400000 1 0.331750 0.367150
107 27.480000 2 -4.706430 0.509060
107 27.480000 1 0.503340 0.429460
108 27.560000 2 -4.802070 0.521920
108 27.560000 1 0.630160 0.453580
109 27.640000 2 -4.944170 0.520400
109 27.640000 1 0.760650 0.448170
110 27.720000 2 -5.094190 0.518080
110 27.720000 1 0.924970 0.409260
111 27.800000 2 -5.227900 0.489560
111 27.800000 1 1.011660 0.442520
112 27.880000 2 -5.342280 0.506420
112 27.880000 1 1.174530 0.453600
113 27.960000 2 -5.441970 0.501920
113 27.960000 1 1.327580 0.446350
114 28.040000 2 -5.495480 0.483690
114 28.040000 1 1.463000 0.457430
115 28.120000 2 -5.601470 0.468970
115 28.120000 1 1.559770 0.450820
116 28.200000 2 -5.735100 0.474700
116 28.200000 1 1.639240 0.440260
117 28.280000 2 -5.875350 0.485890
117 28.280000 1 1.743240 0.429910
118 28.360000 2 -5.991740 0.495380
118 28.360000 1 1.916860 0.440770
119 28.440000 2 -6.106070 0.504580
119 28.440000 1 2.106940 0.455130
120 28.530000 2 -6.214190 0.513150
120 28.530000 1 2.275700 0.474170
121 28.610000 2 -6.295700 0.519780
121 28.610000 1 2.403390 0.495260
122 28.690000 2 -6.401450 0.528530
122 28.690000 1 2.514110 0.489040
123 28.770000 2 -6.525390 0.561040
123 28.770000 1 2.621810 0.481900
124 28.850000 2 -6.664190 0.594180
124 28.850000 1 2.741540 0.489320
125 28.930000 2 -6.767610 0.579560
125 28.930000 1 2.894180 0.485390
126 29.010000 2 -6.876180 0.575790
126 29.010000 1 3.064170 0.475930
127 29.090000 2 -6.952790 0.554810
127 29.090000 1 3.213450 0.479800
128 29.170000 2 -7.029030 0.552290
128 29.170000 1 3.332110 0.482680
129 29.240000 2 -7.128460 0.558630
129 29.240000 1 3.428420 0.482140
130 29.330000 2 -7.258470 0.569720
130 29.330000 1 3.516810 0.478240
131 29.410000 2 -7.380570 0.579580
131 29.410000 1 3.643970 0.493590
132 29.490000 2 -7.492420 0.588040
132 29.490000 1 3.821690 0.506640
133 29.560000 2 -7.609790 0.596560
133 29.560000 1 3.983750 0.525050
134 29.650000 2 -7.712750 0.604090
134 29.650000 1 4.124430 0.527370
135 29.730000 2 -7.789600 0.610040
135 29.730000 1 4.255590 0.523800
136 29.810000 2 -7.924920 0.588890
136 29.810000 1 4.351230 0.514190
137 29.890000 2 -8.035420 0.597840
137 29.890000 1 4.444680 0.519330
138 29.970000 2 -8.144790 0.575490
138 29.970000 1 4.580490 0.504320
139 30.050000 2 -8.258060 0.575030
139 30.050000 1 4.738980 0.498790
140 30.130000 2 -8.357260 0.552970
140 30.130000 1 4.900070 0.494630
141 30.210000 2 -8.448710 0.550440
141 30.210000 1 5.042300 0.487530
142 30.290000 2 -8.484640 0.521620
142 30.290000 1 5.151520 0.474840
143 30.370000 2 -8.590800 0.520440
143 30.370000 1 5.249220 0.478000
144 30.450000 2 -8.733720 0.501100
144 30.450000 1 5.341520 0.467960
145 30.530000 2 -8.865170 0.500430
145 30.530000 1 5.465410 0.475160
146 30.610000 2 -8.985410 0.505480
146 30.610000 1 5.619820 0.489820
147 30.690000 2 -9.102460 0.512180
147 30.690000 1 5.768330 0.484290
148 30.770000 2 -9.199400 0.518000
148 30.770000 1 5.899180 0.489210
149 30.850000 2 -9.289890 0.523490
149 30.850000 1 6.003920 0.475590
150 30.930000 2 -9.404730 0.530610
150 30.930000 1 6.087550 0.475180
151 31.010000 2 -9.530760 0.538540
151 31.010000 1 6.174560 0.481030
152 31.090000 2 -9.624880 0.555410
152 31.090000 1 6.294540 0.449270
153 31.170000 2 -9.738120 0.555710
153 31.170000 1 6.418670 0.446170
154 31.250000 2 -9.854060 0.560310
154 31.250000 1 6.518930 0.429080
155 31.330000 2 -9.920780 0.530780
155 31.330000 1 6.606200 0.383850
156 31.410000 2 -10.010040 0.524470
156 31.410000 1 6.651610 0.368960
157 31.490000 2 -10.085670 0.524850
157 31.490000 1 6.683810 0.365640
158 31.570000 2 -10.211570 0.532060
158 31.570000 1 6.712450 0.366920
159 35.650000 3 6.629790 0.446120
159 35.650000 4 -12.227000 0.533690
160 35.730000 3 6.532480 0.435960
160 35.730000 4 -12.129830 0.497200
161 35.810000 3 6.421050 0.475230
161 35.810000 4 -12.044590 0.481000
162 35.890000 3 6.313250 0.467870
162 35.890000 4 -11.917520 0.438060
163 35.970000 3 6.211630 0.443650
163 35.970000 4 -11.812480 0.419160
164 36.050000 3 6.109400 0.429780
164 36.050000 4 -11.707230 0.408930
165 36.130000 3 6.012060 0.436760
165 36.130000 4 -11.601830 0.401800
166 36.210000 3 5.909490 0.450370
166 36.210000 4 -11.529350 0.397530
167 36.290000 3 5.776670 0.446640
167 36.290000 4 -11.418030 0.391400
168 36.370000 3 5.627650 0.436240
168 36.370000 4 -11.283570 0.384820
169 36.450000 3 5.497350 0.443910
169 36.450000 4 -11.120760 0.420300
170 36.530000 3 5.372210 0.442630
170 36.530000 4 -11.019180 0.426720
171 36.610000 3 5.256340 0.451200
171 36.610000 4 -10.925470 0.427570
172 36.690000 3 5.152090 0.447360
172 36.690000 4 -10.825570 0.425010
173 36.770000 3 5.040270 0.454750
173 36.770000 4 -10.733100 0.421760
174 36.850000 3 4.877160 0.459610
174 36.850000 4 -10.635870 0.418180
175 36.930000 3 4.715140 0.465160
175 36.930000 4 -10.572580 0.448380
176 37.010000 3 4.563020 0.486550
176 37.010000 4 -10.427560 0.420540
177 37.090000 3 4.418890 0.497350
177 37.090000 4 -10.273870 0.405440
178 37.170000 3 4.283770 0.490050
178 37.170000 4 -10.148050 0.397230
179 37.250000 3 4.171340 0.506820
179 37.250000 4 -10.030430 0.391600
180 37.330000 3 4.023670 0.496550
180 37.330000 4 -9.866220 0.457860
181 37.410000 3 3.858950 0.502270
181 37.410000 4 -9.776090 0.437500
182 37.490000 3 3.707880 0.515020
182 37.490000 4 -9.652130 0.423270
183 37.570000 3 3.577770 0.517600
183 37.570000 4 -9.477360 0.442670
184 37.650000 3 3.456850 0.515670
184 37.650000 4 -9.327160 0.435310
185 37.730000 3 3.345100 0.524540
185 37.730000 4 -9.190400 0.438500
186 37.810000 3 3.230410 0.524480
186 37.810000 4 -9.036200 0.463660
187 37.890000 3 3.095560 0.536750
187 37.890000 4 -8.912660 0.467970
188 37.970000 3 2.929180 0.546010
188 37.970000 4 -8.763290 0.461700
189 38.050000 3 2.767250 0.554750
189 38.050000 4 -8.628530 0.482720
190 38.130000 3 2.628600 0.558090
190 38.130000 4 -8.494480 0.483140
191 38.210000 3 2.501100 0.558490
191 38.210000 4 -8.373460 0.477250
192 38.290000 3 2.362440 0.550020
192 38.290000 4 -8.239950 0.495540
193 38.370000 3 2.230080 0.556160
193 38.370000 4 -8.115750 0.495630
194 38.450000 3 2.058180 0.557290
194 38.450000 4 -7.985160 0.488470
195 38.530000 3 1.903550 0.562720
195 38.530000 4 -7.831350 0.477720
196 38.610000 3 1.776060 0.563680
196 38.610000 4 -7.656270 0.497690
197 38.690000 3 1.657240 0.564270
197 38.690000 4 -7.530490 0.495390
198 38.770000 3 1.548560 0.571660
198 38.770000 4 -7.401880 0.462950
199 38.850000 3 1.443920 0.569790
199 38.850000 4 -7.271550 0.446540
200 38.930000 3 1.318570 0.562750
200 38.930000 4 -7.173260 0.462290
201 39.010000 3 1.172990 0.563040
201 39.010000 4 -7.061430 0.487010
202 39.090000 3 1.000930 0.574230
202 39.090000 4 -6.887660 0.460260
203 39.170000 3 0.853730 0.578120
203 39.170000 4 -6.736400 0.443420
204 39.250000 3 0.691330 0.543420
204 39.250000 4 -6.611790 0.432280
205 39.330000 3 0.537540 0.503580
205 39.330000 4 -6.502980 0.423690
206 39.410000 3 0.442260 0.516210
206 39.410000 4 -6.397300 0.416070
207 39.490000 3 0.334410 0.532300
207 39.490000 4 -6.274890 0.407910
208 39.570000 3 0.188660 0.541540
208 39.570000 4 -6.103050 0.417560
209 39.650000 3 0.044500 0.530450
209 39.650000 4 -5.957560 0.394770
210 39.730000 3 -0.078480 0.466210
210 39.730000 4 -5.825360 0.379480
211 39.810000 3 -0.156930 0.458320
211 39.810000 4 -5.709250 0.354110
212 39.890000 3 -0.238600 0.484060
212 39.890000 4 -5.604750 0.342730
213 39.970000 3 -0.317090 0.495430
213 39.970000 4 -5.485230 0.314200
214 40.050000 3 -0.418580 0.503230
214 40.050000 4 -5.343880 0.303300
215 40.130000 3 -0.538480 0.492700
215 40.130000 4 -5.202630 0.277020
216 40.210000 3 -0.715410 0.513500
216 40.210000 4 -5.073850 0.248960
217 40.290000 3 -0.898050 0.563120
217 40.290000 4 -4.958580 0.236480
218 40.370000 3 -1.032150 0.596040
218 40.370000 4 -4.846020 0.229410
219 40.450000 3 -1.127480 0.609850
219 40.450000 4 -4.747290 0.224750
220 40.530000 3 -1.224000 0.619850
220 40.530000 4 -4.634180 0.202260
221 40.610000 3 -1.332600 0.628380
221 40.610000 4 -4.487150 0.191560
222 40.690000 3 -1.486180 0.645970
222 40.690000 4 -4.340470 0.200920
223 40.770000 3 -1.628930 0.667170
223 40.770000 4 -4.219310 0.216370
224 40.850000 3 -1.737230 0.683410
224 40.850000 4 -4.125370 0.219330
225 40.930000 3 -1.818350 0.695500
225 40.930000 4 -4.033520 0.216900
226 41.010000 3 -1.882640 0.716540
226 41.010000 4 -3.941090 0.199400
227 41.090000 3 -1.941430 0.740320
227 41.090000 4 -3.841190 0.189480
228 41.170000 3 -2.008120 0.760670
228 41.170000 4 -3.715740 0.194030
229 41.250000 3 -2.108660 0.799620
229 41.250000 4 -3.602850 0.178540
230 41.330000 3 -2.220810 0.842250
230 41.330000 4 -3.520260 0.171180
231 41.410000 3 -2.313840 0.877110
231 41.410000 4 -3.435980 0.165940
232 41.490000 3 -2.388980 0.894660
232 41.490000 4 -3.350520 0.160120
233 41.570000 3 -2.456060 0.915460
233 41.570000 4 -3.256670 0.177470
234 41.650000 3 -2.506480 0.913190
234 41.650000 4 -3.145150 0.190270
235 41.730000 3 -2.566320 0.908680
235 41.730000 4 -3.036180 0.179560
236 41.810000 3 -2.654630 0.902920
236 41.810000 4 -2.930720 0.151560
237 41.890000 3 -2.744510 0.896550
237 41.890000 4 -2.878670 0.141930
238 41.970000 3 -2.844440 0.878530
238 41.970000 4 -2.830900 0.128560
239 42.050000 3 -2.936740 0.851290
239 42.050000 4 -2.758850 0.121780
240 42.130000 3 -2.998450 0.808900
240 42.130000 4 -2.683350 0.135330
241 42.210000 3 -3.003730 0.767630
241 42.210000 4 -2.578080 0.144250
242 42.290000 3 -3.018910 0.738270
242 42.290000 4 -2.481330 0.163630
243 42.370000 3 -3.097040 0.721210
243 42.370000 4 -2.385650 0.172960
244 42.450000 3 -3.191410 0.684310
244 42.450000 4 -2.305460 0.194900
245 42.530000 3 -3.472330 0.740170
245 42.530000 4 -2.241490 0.214510
246 42.610000 3 -3.535750 0.562940
246 42.610000 4 -2.139610 0.256240
247 42.690000 3 -3.649550 0.603170
247 42.690000 4 -2.014810 0.323360
248 42.770000 3 -3.740380 0.586280
248 42.770000 4 -1.902740 0.365170
249 42.850000 3 -3.943640 0.472810
249 42.850000 4 -1.778360 0.399470
250 42.930000 3 -3.963910 0.512740
250 42.930000 4 -1.631740 0.407130
251 43.010000 3 -4.053160 0.546600
251 43.010000 4 -1.497370 0.418280
252 43.090000 3 -4.208740 0.510980
252 43.090000 4 -1.370470 0.432970
253 43.170000 3 -4.362000 0.471170
253 43.170000 4 -1.234310 0.456510
254 43.250000 3 -4.500730 0.470600
254 43.250000 4 -1.158900 0.506920
255 43.330000 3 -4.625330 0.467240
255 43.330000 4 -1.074950 0.543170
256 43.410000 3 -4.697680 0.437990
256 43.410000 4 -0.984060 0.569490
257 43.490000 3 -4.816360 0.424430
257 43.490000 4 -0.894740 0.590770
258 43.570000 3 -4.952690 0.414460
258 43.570000 4 -0.788710 0.608680
259 43.650000 3 -5.167390 0.412840
259 43.650000 4 -0.662490 0.599130
260 43.730000 3 -5.333920 0.419730
260 43.730000 4 -0.513170 0.598240
261 43.810000 3 -5.484900 0.429260
261 43.810000 4 -0.367580 0.589490
262 43.890000 3 -5.613310 0.438200
262 43.890000 4 -0.230190 0.530000
263 43.970000 3 -5.726950 0.446540
263 43.970000 4 -0.142250 0.561560
264 44.050000 3 -5.872030 0.457830
264 44.050000 4 -0.065110 0.580920
265 44.130000 3 -6.065940 0.474090
265 44.130000 4 0.028780 0.577810
266 44.210000 3 -6.258420 0.447360
266 44.210000 4 0.150410 0.568390
267 44.290000 3 -6.412670 0.424780
267 44.290000 4 0.291320 0.569460
268 44.370000 3 -6.544690 0.425190
268 44.370000 4 0.408540 0.529400
269 44.450000 3 -6.681610 0.457210
269 44.450000 4 0.480460 0.482080
270 44.530000 3 -6.766750 0.425220
270 44.530000 4 0.546810 0.469260
271 44.610000 3 -6.906110 0.422730
271 44.610000 4 0.606080 0.458340
272 44.690000 3 -7.094090 0.432760
272 44.690000 4 0.731520 0.473610
273 44.770000 3 -7.264500 0.442860
273 44.770000 4 0.911110 0.492970
274 44.850000 3 -7.389990 0.449880
274 44.850000 4 1.104230 0.535320
275 44.930000 3 -7.506320 0.456220
275 44.930000 4 1.254060 0.562760
276 45.010000 3 -7.609070 0.461950
276 45.010000 4 1.384650 0.566830
277 45.090000 3 -7.733270 0.469250
277 45.090000 4 1.488290 0.571570
278 45.170000 3 -7.909260 0.480520
278 45.170000 4 1.589510 0.554200
279 45.250000 3 -8.082120 0.492100
279 45.250000 4 1.729850 0.540940
280 45.330000 3 -8.233450 0.445610
280 45.330000 4 1.896840 0.534590
281 45.410000 3 -8.361160 0.464250
281 45.410000 4 2.032940 0.514770
282 45.490000 3 -8.485000 0.477590
282 45.490000 4 2.159900 0.510790
283 45.570000 3 -8.608840 0.487890
283 45.570000 4 2.250050 0.498810
284 45.650000 3 -8.675850 0.433710
284 45.650000 4 2.343010 0.495860
285 45.730000 3 -8.857260 0.426050
285 45.730000 4 2.451790 0.480260
286 45.810000 3 -9.017330 0.430020
286 45.810000 4 2.618990 0.488360
287 45.890000 3 -9.160560 0.436440
287 45.890000 4 2.785560 0.504550
288 45.970000 3 -9.293920 0.442790
288 45.970000 4 2.925210 0.515050
289 46.050000 3 -9.414220 0.448410
289 46.050000 4 3.037710 0.508590
290 46.130000 3 -9.531310 0.453950
290 46.130000 4 3.116610 0.502230
291 46.210000 3 -9.670610 0.460820
291 46.210000 4 3.231920 0.494650
292 46.290000 3 -9.843520 0.469810
292 46.290000 4 3.385430 0.479870
293 46.370000 3 -9.957560 0.487460
293 46.370000 4 3.537760 0.468630
294 46.450000 3 -10.115560 0.418730
294 46.450000 4 3.668180 0.453530
295 46.530000 3 -10.263840 0.436410
295 46.530000 4 3.779130 0.446340
296 46.610000 3 -10.394410 0.448480
296 46.610000 4 3.875510 0.453150
297 46.690000 3 -10.482500 0.419920
297 46.690000 4 3.977910 0.466140
298 46.770000 3 -10.601790 0.414980
298 46.770000 4 4.107210 0.455890
299 46.850000 3 -10.740220 0.418820
299 46.850000 4 4.263200 0.466310
300 46.930000 3 -10.882870 0.424780
300 46.930000 4 4.408220 0.480720
301 47.010000 3 -11.017760 0.430170
301 47.010000 4 4.535680 0.494210
302 47.090000 3 -11.138420 0.434580
302 47.090000 4 4.634200 0.488890
303 47.170000 3 -11.244090 0.438300
303 47.170000 4 4.729700 0.477610
304 47.250000 3 -11.353100 0.442330
304 47.250000 4 4.850530 0.484210
305 47.330000 3 -11.471610 0.446970
305 47.330000 4 4.994800 0.482210
306 47.410000 3 -11.650210 0.415490
306 47.410000 4 5.145490 0.458140
307 47.490000 3 -11.763250 0.407180
307 47.490000 4 5.280140 0.441660
308 47.570000 3 -11.859120 0.407970
308 47.570000 4 5.400170 0.444970
309 47.650000 3 -11.960910 0.412440
309 47.650000 4 5.484660 0.432180
310 47.730000 3 -12.054310 0.417210
310 47.730000 4 5.582110 0.435090
311 47.810000 3 -12.159320 0.422250
311 47.810000 4 5.721790 0.447370
312 47.890000 3 -12.294310 0.427920
312 47.890000 4 5.874630 0.441100
313 47.970000 3 -12.399090 0.431700
313 47.970000 4 6.011370 0.445550
314 48.050000 3 -12.483420 0.434360
314 48.050000 4 6.132140 0.452950
315 48.130000 3 -12.568110 0.436900
315 48.130000 4 6.236210 0.439310
316 48.210000 3 -12.589490 0.479240
316 48.210000 4 6.317020 0.438060
317 48.290000 3 -12.613040 0.495270
317 48.290000 4 6.418480 0.444270
318 56.460000 5 -11.012760 0.529030
318 56.460000 6 9.734780 0.420710
319 56.540000 5 -10.902320 0.526970
319 56.540000 6 9.603170 0.448880
320 56.620000 5 -10.782300 0.521080
320 56.620000 6 9.491670 0.485470
321 56.700000 5 -10.644250 0.513170
321 56.700000 6 9.386690 0.493360
322 56.780000 5 -10.481230 0.503780
322 56.780000 6 9.267060 0.489210
323 56.860000 5 -10.343540 0.496050
323 56.860000 6 9.129930 0.480550
324 56.940000 5 -10.226950 0.489520
324 56.940000 6 8.993110 0.501200
325 57.020000 5 -10.114250 0.483310
325 57.020000 6 8.859870 0.531880
326 57.090000 5 -10.006180 0.477470
326 57.090000 6 8.744190 0.536950
327 57.180000 5 -9.879250 0.471100
327 57.180000 6 8.630770 0.532880
328 57.260000 5 -9.729360 0.464120
328 57.260000 6 8.522180 0.525460
329 57.340000 5 -9.557630 0.456550
329 57.340000 6 8.391180 0.515900
330 57.420000 5 -9.423170 0.450980
330 57.420000 6 8.246280 0.505800
331 57.500000 5 -9.295740 0.445780
331 57.500000 6 8.119740 0.470410
332 57.580000 5 -9.163180 0.440110
332 57.580000 6 8.007500 0.454080
333 57.660000 5 -9.008260 0.433010
333 57.660000 6 7.880690 0.470800
334 57.740000 5 -8.855700 0.455370
334 57.740000 6 7.779710 0.473610
335 57.820000 5 -8.726600 0.488130
335 57.820000 6 7.672200 0.469680
336 57.900000 5 -8.566020 0.460170
336 57.900000 6 7.540900 0.486790
337 57.980000 5 -8.447260 0.445320
337 57.980000 6 7.401600 0.485570
338 58.060000 5 -8.347150 0.436240
338 58.060000 6 7.274830 0.479070
339 58.140000 5 -8.245520 0.429080
339 58.140000 6 7.158450 0.495750
340 58.220000 5 -8.134200 0.422460
340 58.220000 6 7.054090 0.519960
341 58.300000 5 -7.982410 0.414580
341 58.300000 6 6.947630 0.521240
342 58.380000 5 -7.782460 0.430720
342 58.380000 6 6.820260 0.512380
343 58.460000 5 -7.616190 0.430720
343 58.460000 6 6.670910 0.499350
344 58.540000 5 -7.491360 0.452450
344 58.540000 6 6.532990 0.465480
345 58.620000 5 -7.392440 0.456290
345 58.620000 6 6.415450 0.470030
346 58.700000 5 -7.257090 0.449150
346 58.700000 6 6.298410 0.487280
347 58.780000 5 -7.118860 0.439670
347 58.780000 6 6.202630 0.488380
348 58.860000 5 -6.966910 0.428890
348 58.860000 6 6.101440 0.482360
349 58.940000 5 -6.806940 0.417650
349 58.940000 6 5.975530 0.471630
350 59.020000 5 -6.671740 0.431140
350 59.020000 6 5.828190 0.478560
351 59.100000 5 -6.562260 0.430410
351 59.100000 6 5.685570 0.492220
352 59.180000 5 -6.450040 0.423550
352 59.180000 6 5.563540 0.508930
353 59.260000 5 -6.338590 0.414940
353 59.260000 6 5.456150 0.507300
354 59.340000 5 -6.199720 0.425150
354 59.340000 6 5.358450 0.499490
355 59.420000 5 -6.038460 0.419460
355 59.420000 6 5.242090 0.487330
356 59.500000 5 -5.896180 0.411210
356 59.500000 6 5.102260 0.489720
357 59.570000 5 -5.746560 0.441040
357 59.570000 6 4.963040 0.480110
358 59.660000 5 -5.625330 0.445560
358 59.660000 6 4.840610 0.484600
359 59.740000 5 -5.499180 0.438700
359 59.740000 6 4.719740 0.476290
360 59.820000 5 -5.379630 0.447490
360 59.820000 6 4.608730 0.480990
361 59.900000 5 -5.215240 0.437410
361 59.900000 6 4.506990 0.490280
362 59.980000 5 -5.060260 0.441950
362 59.980000 6 4.377120 0.480590
363 60.060000 5 -4.914030 0.450440
363 60.060000 6 4.223690 0.506730
364 60.140000 5 -4.775910 0.442130
364 60.140000 6 4.093360 0.505200
365 60.220000 5 -4.658290 0.430380
365 60.220000 6 3.964250 0.505980
366 60.300000 5 -4.541630 0.432850
366 60.300000 6 3.841050 0.521280
367 60.380000 5 -4.428770 0.425170
367 60.380000 6 3.739920 0.517030
368 60.460000 5 -4.294900 0.411890
368 60.460000 6 3.619840 0.513580
369 60.540000 5 -4.127590 0.394750
369 60.540000 6 3.477410 0.519260
370 60.620000 5 -3.974280 0.394090
370 60.620000 6 3.325390 0.502120
371 60.700000 5 -3.835710 0.386210
371 60.700000 6 3.188240 0.490990
372 60.780000 5 -3.716110 0.376650
372 60.780000 6 3.039490 0.489230
373 60.860000 5 -3.611850 0.379600
373 60.860000 6 2.919220 0.485330
374 60.940000 5 -3.502270 0.397000
374 60.940000 6 2.797980 0.487980
375 61.020000 5 -3.353910 0.387700
375 61.020000 6 2.626840 0.489420
376 61.090000 5 -3.210660 0.383240
376 61.090000 6 2.452910 0.499460
377 61.180000 5 -3.092030 0.393300
377 61.180000 6 2.289520 0.520610
378 61.260000 5 -2.977230 0.394080
378 61.260000 6 2.132020 0.539410
379 61.340000 5 -2.870440 0.403890
379 61.340000 6 1.980270 0.536810
380 61.420000 5 -2.770950 0.406150
380 61.420000 6 1.842680 0.535390
381 61.500000 5 -2.687070 0.395010
381 61.500000 6 1.672360 0.535280
382 61.580000 5 -2.582480 0.394810
382 61.580000 6 1.491950 0.539130
383 61.660000 5 -2.448340 0.394230
383 61.660000 6 1.355510 0.556920
384 61.740000 5 -2.326170 0.380790
384 61.740000 6 1.231140 0.566490
385 61.820000 5 -2.231530 0.368920
385 61.820000 6 1.105850 0.597770
386 61.900000 5 -2.153500 0.357520
386 61.900000 6 1.004570 0.621810
387 61.980000 5 -2.094920 0.356970
387 61.980000 6 0.883110 0.647380
388 62.060000 5 -2.040430 0.342440
388 62.060000 6 0.710700 0.682610
389 62.140000 5 -1.976580 0.322910
389 62.140000 6 0.549400 0.711480
390 62.220000 5 -1.892590 0.293690
390 62.220000 6 0.390170 0.720690
391 62.300000 5 -1.808260 0.268960
391 62.300000 6 0.243720 0.698520
392 62.380000 5 -1.737070 0.239500
392 62.380000 6 0.138780 0.731210
393 62.460000 5 -1.675000 0.217460
393 62.460000 6 0.039320 0.751230
394 62.540000 5 -1.625180 0.200980
394 62.540000 6 -0.092840 0.768560
395 62.620000 5 -1.581790 0.187120
395 62.620000 6 -0.251140 0.756980
396 62.700000 5 -1.526400 0.173140
396 62.700000 6 -0.372810 0.717340
397 62.780000 5 -1.464290 0.159840
397 62.780000 6 -0.454030 0.700060
398 62.860000 5 -1.396990 0.153200
398 62.860000 6 -0.540990 0.699470
399 62.940000 5 -1.326190 0.148780
399 62.940000 6 -0.620200 0.719020
400 63.020000 5 -1.244800 0.143170
400 63.020000 6 -0.707000 0.733800
401 63.100000 5 -1.175460 0.145560
401 63.100000 6 -0.809750 0.732850
402 63.180000 5 -1.094660 0.145920
402 63.180000 6 -0.954170 0.800550
403 63.260000 5 -1.011250 0.155080
403 63.260000 6 -1.081560 0.738460
404 63.340000 5 -0.924640 0.169920
404 63.340000 6 -1.229670 0.739890
405 63.420000 5 -0.838160 0.200160
405 63.420000 6 -1.352300 0.771120
406 63.500000 5 -0.741350 0.233490
406 63.500000 6 -1.401000 0.873190
407 63.580000 5 -0.639140 0.257900
407 63.580000 6 -1.558970 0.732500
408 63.660000 5 -0.542050 0.288320
408 63.660000 6 -1.663900 0.749690
409 63.740000 5 -0.416210 0.313010
409 63.740000 6 -1.815880 0.857790
410 63.820000 5 -0.268910 0.328710
410 63.820000 6 -1.911400 0.713290
411 63.900000 5 -0.128490 0.325930
411 63.900000 6 -1.958560 0.652240
412 63.980000 5 -0.004860 0.313210
412 63.980000 6 -1.990650 0.616180
413 64.060000 5 0.108560 0.360940
413 64.060000 6 -2.018720 0.589300
414 64.140000 5 0.194950 0.387120
414 64.140000 6 -2.093470 0.568770
415 64.220000 5 0.288800 0.405310
415 64.220000 6 -2.275020 0.564660
416 64.300000 5 0.450510 0.423040
416 64.300000 6 -2.473610 0.554250
417 64.380000 5 0.642220 0.425760
417 64.380000 6 -2.627900 0.552460
418 64.460000 5 0.807430 0.419950
418 64.460000 6 -2.747330 0.546550
419 64.540000 5 0.930240 0.407070
419 64.540000 6 -2.864530 0.514260
420 64.620000 5 1.007820 0.383350
420 64.620000 6 -2.956560 0.500990
421 64.700000 5 1.079770 0.353920
421 64.700000 6 -3.087730 0.489280
422 64.780000 5 1.226390 0.350120
422 64.780000 6 -3.229230 0.449370
423 64.860000 5 1.458700 0.383110
423 64.860000 6 -3.345440 0.415230
424 64.940000 5 1.670410 0.411070
424 64.940000 6 -3.441780 0.390860
425 65.020000 5 1.845440 0.422650
425 65.020000 6 -3.519380 0.367140
426 65.100000 5 1.979980 0.421690
426 65.100000 6 -3.593950 0.359900
427 65.180000 5 2.103480 0.416650
427 65.180000 6 -3.659570 0.334940
428 65.260000 5 2.245790 0.413750
428 65.260000 6 -3.773020 0.314850
429 65.340000 5 2.426590 0.416800
429 65.340000 6 -3.944550 0.325000
430 65.420000 5 2.620300 0.399080
430 65.420000 6 -4.087240 0.322710
431 65.500000 5 2.783320 0.393130
431 65.500000 6 -4.210720 0.328010
432 65.580000 5 2.916940 0.395500
432 65.580000 6 -4.325540 0.335530
433 65.660000 5 3.010820 0.384350
433 65.660000 6 -4.407460 0.341200
434 65.740000 5 3.123920 0.393930
434 65.740000 6 -4.488820 0.347480
435 65.820000 5 3.265900 0.379020
435 65.820000 6 -4.606010 0.357050
436 65.900000 5 3.454340 0.393650
436 65.900000 6 -4.771080 0.371590
437 65.980000 5 3.626190 0.411840
437 65.980000 6 -4.947870 0.353880
438 66.060000 5 3.784480 0.415560
438 66.060000 6 -5.085030 0.337370
439 66.140000 5 3.919450 0.412430
439 66.140000 6 -5.210370 0.339830
440 66.220000 5 4.028690 0.418280
440 66.220000 6 -5.323100 0.346940
441 66.300000 5 4.149110 0.415960
441 66.300000 6 -5.433430 0.337650
442 66.380000 5 4.302780 0.428970
442 66.380000 6 -5.590330 0.324140
443 66.460000 5 4.487400 0.417780
443 66.460000 6 -5.802490 0.350900
444 66.540000 5 4.638310 0.408020
444 66.540000 6 -5.971930 0.364900
445 66.620000 5 4.773010 0.414830
445 66.620000 6 -6.106580 0.372830
446 66.700000 5 4.879100 0.406920
446 66.700000 6 -6.243510 0.379690
447 66.780000 5 4.982380 0.411340
447 66.780000 6 -6.369180 0.364850
448 66.860000 5 5.107450 0.422450
448 66.860000 6 -6.514630 0.387540
449 66.940000 5 5.246080 0.417080
449 66.940000 6 -6.704080 0.405450
450 67.020000 5 5.417630 0.445330
450 67.020000 6 -6.886860 0.395650
451 67.100000 5 5.565460 0.462160
451 67.100000 6 -7.030130 0.398580
452 67.180000 5 5.691060 0.473340
452 67.180000 6 -7.154030 0.380520
453 67.260000 5 5.793040 0.461440
453 67.260000 6 -7.254490 0.378380
454 67.340000 5 5.904570 0.442730
454 67.340000 6 -7.382540 0.384760
455 67.420000 5 6.016320 0.442870
455 67.420000 6 -7.564430 0.396120
456 67.500000 5 6.144310 0.451610
456 67.500000 6 -7.737440 0.405590
457 67.580000 5 6.292620 0.442940
457 67.580000 6 -7.890460 0.412920
458 67.660000 5 6.431390 0.447640
458 67.660000 6 -8.044300 0.419950
459 67.740000 5 6.557330 0.456400
459 67.740000 6 -8.194660 0.426950
460 67.820000 5 6.653210 0.441000
460 67.820000 6 -8.297380 0.431310
461 67.900000 5 6.733530 0.439430
461 67.900000 6 -8.431800 0.437810
462 73.020000 7 -11.990240 0.373040
462 73.020000 8 7.592760 0.364560
463 73.100000 7 -11.928540 0.399380
463 73.100000 8 7.493330 0.380400
464 73.180000 7 -11.858860 0.408940
464 73.180000 8 7.375410 0.402920
465 73.260000 7 -11.778890 0.411270
465 73.260000 8 7.263710 0.408810
466 73.340000 7 -11.690150 0.409330
466 73.340000 8 7.169110 0.428840
467 73.420000 7 -11.589680 0.404600
467 73.420000 8 7.068290 0.433540
468 73.500000 7 -11.468280 0.398540
468 73.500000 8 6.960920 0.449890
469 73.580000 7 -11.341880 0.394100
469 73.580000 8 6.854640 0.450200
470 73.660000 7 -11.234160 0.426450
470 73.660000 8 6.734110 0.442620
471 73.740000 7 -11.147400 0.470880
471 73.740000 8 6.588540 0.432000
472 73.820000 7 -10.999420 0.477300
472 73.820000 8 6.444460 0.443020
473 73.900000 7 -10.758000 0.465410
473 73.900000 8 6.314850 0.440490
474 73.980000 7 -10.558080 0.457610
474 73.980000 8 6.191140 0.472720
475 74.060000 7 -10.419680 0.486710
475 74.060000 8 6.076180 0.476340
476 74.140000 7 -10.290390 0.491510
476 74.140000 8 5.958020 0.488290
477 74.220000 7 -10.173550 0.488180
477 74.220000 8 5.836360 0.484190
478 74.300000 7 -10.052450 0.481810
478 74.300000 8 5.682480 0.489580
479 74.380000 7 -9.898100 0.473350
479 74.380000 8 5.510440 0.497720
480 74.460000 7 -9.719420 0.496170
480 74.460000 8 5.370080 0.510620
481 74.540000 7 -9.567450 0.541750
481 74.540000 8 5.233490 0.522780
482 74.620000 7 -9.448020 0.542080
482 74.620000 8 5.097640 0.516440
483 74.700000 7 -9.329200 0.535680
483 74.700000 8 4.977250 0.505630
484 74.780000 7 -9.212840 0.527740
484 74.780000 8 4.847660 0.508180
485 74.860000 7 -9.073660 0.518110
485 74.860000 8 4.676770 0.509360
486 74.940000 7 -8.893910 0.506000
486 74.940000 8 4.525500 0.513270
487 75.020000 7 -8.712280 0.494290
487 75.020000 8 4.396280 0.503570
488 75.100000 7 -8.566070 0.514030
488 75.100000 8 4.269700 0.503010
489 75.180000 7 -8.414770 0.512930
489 75.180000 8 4.147110 0.505520
490 75.260000 7 -8.278850 0.505870
490 75.260000 8 4.039500 0.497000
491 75.340000 7 -8.122590 0.495350
491 75.340000 8 3.884050 0.516220
492 75.420000 7 -7.951070 0.484000
492 75.420000 8 3.718830 0.504840
493 75.500000 7 -7.794340 0.474920
493 75.500000 8 3.562250 0.522790
494 75.580000 7 -7.664010 0.467820
494 75.580000 8 3.420090 0.526510
495 75.660000 7 -7.537900 0.461010
495 75.660000 8 3.297080 0.538110
496 75.740000 7 -7.418910 0.454450
496 75.740000 8 3.180170 0.538410
497 75.820000 7 -7.328570 0.474050
497 75.820000 8 3.042990 0.529240
498 75.900000 7 -7.222180 0.500320
498 75.900000 8 2.881450 0.522800
499 75.980000 7 -7.051630 0.472370
499 75.980000 8 2.724820 0.518020
500 76.060000 7 -6.901970 0.454680
500 76.060000 8 2.597940 0.517740
501 76.140000 7 -6.784590 0.443720
501 76.140000 8 2.469270 0.522140
502 76.220000 7 -6.669230 0.434460
502 76.220000 8 2.348140 0.528580
503 76.300000 7 -6.572680 0.427490
503 76.300000 8 2.237570 0.544730
504 76.380000 7 -6.438510 0.440160
504 76.380000 8 2.100790 0.557380
505 76.460000 7 -6.286290 0.436250
505 76.460000 8 1.935080 0.568940
506 76.540000 7 -6.128310 0.448490
506 76.540000 8 1.786190 0.596210
507 76.620000 7 -5.991550 0.467110
507 76.620000 8 1.640300 0.593630
508 76.700000 7 -5.860350 0.445240
508 76.700000 8 1.499380 0.595550
509 76.780000 7 -5.734650 0.430820
509 76.780000 8 1.362910 0.597490
510 76.860000 7 -5.621470 0.420420
510 76.860000 8 1.196030 0.575310
511 76.940000 7 -5.498820 0.429900
511 76.940000 8 1.042610 0.581250
512 77.020000 7 -5.351040 0.405220
512 77.020000 8 0.880340 0.576860
513 77.100000 7 -5.208910 0.388330
513 77.100000 8 0.767860 0.591260
514 77.180000 7 -5.086170 0.376670
514 77.180000 8 0.678420 0.623590
515 77.260000 7 -4.964110 0.366270
515 77.260000 8 0.581960 0.650420
516 77.340000 7 -4.860000 0.341330
516 77.340000 8 0.477190 0.655300
517 77.420000 7 -4.721380 0.326420
517 77.420000 8 0.372280 0.659410
518 77.500000 7 -4.578620 0.284550
518 77.500000 8 0.241340 0.652010
519 77.580000 7 -4.415710 0.281850
519 77.580000 8 0.087150 0.658140
520 77.660000 7 -4.281090 0.280040
520 77.660000 8 -0.048080 0.632400
521 77.740000 7 -4.158670 0.259650
521 77.740000 8 -0.179760 0.644770
522 77.820000 7 -4.052110 0.234510
522 77.820000 8 -0.302210 0.670980
523 77.900000 7 -3.943350 0.224960
523 77.900000 8 -0.384140 0.694740
524 77.980000 7 -3.814710 0.217860
524 77.980000 8 -0.480600 0.708630
525 78.060000 7 -3.680060 0.211630
525 78.060000 8 -0.630790 0.717080
526 78.140000 7 -3.552890 0.189960
526 78.140000 8 -0.775710 0.714230
527 78.220000 7 -3.444320 0.166720
527 78.220000 8 -0.885970 0.706510
528 78.300000 7 -3.348170 0.167650
528 78.300000 8 -0.962640 0.684310
529 78.380000 7 -3.254020 0.154820
529 78.380000 8 -1.009970 0.659560
530 78.460000 7 -3.137600 0.136980
530 78.460000 8 -1.048110 0.643560
531 78.540000 7 -3.005270 0.149720
531 78.540000 8 -1.125180 0.649130
532 78.620000 7 -2.896360 0.152070
532 78.620000 8 -1.246200 0.660770
533 78.700000 7 -2.812580 0.151200
533 78.700000 8 -1.429270 0.719240
534 78.780000 7 -2.746280 0.158700
534 78.780000 8 -1.560710 0.747120
535 78.860000 7 -2.680850 0.150160
535 78.860000 8 -1.661990 0.778330
536 78.940000 7 -2.588220 0.134200
536 78.940000 8 -1.760910 0.788170
537 79.020000 7 -2.488170 0.132970
537 79.020000 8 -1.820600 0.813080
538 79.100000 7 -2.395100 0.138160
538 79.100000 8 -1.917930 0.837920
539 79.180000 7 -2.304460 0.136050
539 79.180000 8 -2.045290 0.853700
540 79.260000 7 -2.212640 0.129980
540 79.260000 8 -2.156730 0.848100
541 79.340000 7 -2.135070 0.138180
541 79.340000 8 -2.245330 0.826580
542 79.420000 7 -2.043710 0.150340
542 79.420000 8 -2.305450 0.786150
543 79.500000 7 -1.960080 0.163080
543 79.500000 8 -2.324640 0.745780
544 79.580000 7 -1.875120 0.158910
544 79.580000 8 -2.364490 0.721190
545 79.660000 7 -1.765670 0.166970
545 79.660000 8 -2.469610 0.715300
546 79.740000 7 -1.641520 0.177150
546 79.740000 8 -2.674160 0.709940
547 79.820000 7 -1.520700 0.208120
547 79.820000 8 -2.929490 0.784940
548 79.900000 7 -1.392910 0.217390
548 79.900000 8 -3.041600 0.804640
549 79.980000 7 -1.263960 0.215740
549 79.980000 8 -3.094050 0.803400
550 80.060000 7 -1.153720 0.220970
550 80.060000 8 -3.264840 0.867190
551 80.140000 7 -1.040500 0.234140
551 80.140000 8 -3.566080 0.562360
552 80.220000 7 -0.953030 0.272880
552 80.220000 8 -3.751850 0.508860
553 80.300000 7 -0.886360 0.316270
553 80.300000 8 -3.864800 0.495260
554 80.380000 7 -0.819970 0.355200
554 80.380000 8 -3.964540 0.512090
555 80.460000 7 -0.744870 0.373890
555 80.460000 8 -4.070730 0.522920
556 80.540000 7 -0.676190 0.396370
556 80.540000 8 -4.150200 0.507270
557 80.620000 7 -0.591180 0.432250
557 80.620000 8 -4.244880 0.499360
558 80.700000 7 -0.479800 0.464460
558 80.700000 8 -4.402880 0.473140
559 80.780000 7 -0.355630 0.476180
559 80.780000 8 -4.639530 0.474850
560 80.860000 7 -0.231260 0.437570
560 80.860000 8 -4.849480 0.473020
561 80.940000 7 -0.162470 0.476670
561 80.940000 8 -5.014980 0.463410
562 81.020000 7 -0.100980 0.518640
562 81.020000 8 -5.145820 0.467450
563 81.100000 7 -0.048040 0.550990
563 81.100000 8 -5.278820 0.460430
564 81.180000 7 0.033470 0.564490
564 81.180000 8 -5.423360 0.486370
565 81.260000 7 0.153950 0.580600
565 81.260000 8 -5.602060 0.490330
566 81.340000 7 0.309760 0.592770
566 81.340000 8 -5.780780 0.463420
567 81.420000 7 0.447130 0.580180
567 81.420000 8 -5.919410 0.463080
568 81.500000 7 0.555400 0.553160
568 81.500000 8 -6.045030 0.450330
569 81.580000 7 0.623770 0.528630
569 81.580000 8 -6.162680 0.454500
570 81.660000 7 0.686550 0.520070
570 81.660000 8 -6.280900 0.464000
571 81.740000 7 0.786760 0.521020
571 81.740000 8 -6.405390 0.452610
572 81.820000 7 0.976810 0.536200
572 81.820000 8 -6.594440 0.438400
573 81.900000 7 1.208200 0.591320
573 81.900000 8 -6.779230 0.443040
574 81.980000 7 1.406970 0.637540
574 81.980000 8 -6.924180 0.450290
575 82.060000 7 1.566460 0.647140
575 82.060000 8 -7.056320 0.458190
576 82.150000 7 1.691960 0.652570
576 82.150000 8 -7.174100 0.465500
577 82.220000 7 1.820170 0.655470
577 82.220000 8 -7.296780 0.473600
578 82.300000 7 2.013940 0.653790
578 82.300000 8 -7.445890 0.489130
579 82.380000 7 2.208340 0.645850
579 82.380000 8 -7.612080 0.471800
580 82.460000 7 2.368030 0.622770
580 82.460000 8 -7.755930 0.445850
581 82.540000 7 2.515040 0.608670
581 82.540000 8 -7.865240 0.415200
582 82.620000 7 2.643280 0.609110
582 82.620000 8 -7.986220 0.439630
583 82.700000 7 2.753720 0.598050
583 82.700000 8 -8.106830 0.455280
584 82.780000 7 2.919380 0.587740
584 82.780000 8 -8.190930 0.407730
585 82.860000 7 3.130230 0.611830
585 82.860000 8 -8.374810 0.402270
586 82.940000 7 3.302060 0.615980
586 82.940000 8 -8.532650 0.406560
587 83.020000 7 3.459180 0.611830
587 83.020000 8 -8.666980 0.412440
588 83.110000 7 3.595270 0.600160
588 83.110000 8 -8.792950 0.418350
589 83.180000 7 3.694920 0.595540
589 83.180000 8 -8.899930 0.423520
590 83.260000 7 3.865720 0.580240
590 83.260000 8 -9.016960 0.429280
591 83.340000 7 4.048330 0.556780
591 83.340000 8 -9.165280 0.436750
592 83.420000 7 4.212910 0.553370
592 83.420000 8 -9.322850 0.445110
593 83.500000 7 4.361540 0.538220
593 83.500000 8 -9.463600 0.452800
594 83.580000 7 4.487760 0.514250
594 83.580000 8 -9.600590 0.460330
595 83.660000 7 4.600890 0.517160
595 83.660000 8 -9.712150 0.433060
596 83.740000 7 4.737640 0.517250
596 83.740000 8 -9.806870 0.426640
597 83.820000 7 4.909580 0.518010
597 83.820000 8 -9.926890 0.430080
598 83.900000 7 5.088260 0.533310
598 83.900000 8 -10.059130 0.436580
599 83.980000 7 5.243180 0.511810
599 83.980000 8 -10.202550 0.443620
600 84.060000 7 5.372940 0.512700
600 84.060000 8 -10.352520 0.450420
601 84.140000 7 5.480450 0.501590
601 84.140000 8 -10.479790 0.455700
602 84.220000 7 5.594470 0.507180
602 84.220000 8 -10.598080 0.460410
603 84.300000 7 5.758450 0.484230
603 84.300000 8 -10.712620 0.465070
604 84.380000 7 5.920980 0.468110
604 84.380000 8 -10.825930 0.469840
605 84.460000 7 6.072810 0.452520
605 84.460000 8 -10.957610 0.475690
606 84.540000 7 6.198100 0.433940
606 84.540000 8 -11.077690 0.481350
607 84.620000 7 6.306050 0.434650
607 84.620000 8 -11.210030 0.487680
608 84.700000 7 6.407820 0.441820
608 84.700000 8 -11.361960 0.494980
609 84.780000 7 6.535610 0.479410
609 84.780000 8 -11.496420 0.501430
610 84.860000 7 6.683830 0.450990
610 84.860000 8 -11.619670 0.507250
611 84.940000 7 6.835670 0.448290
611 84.940000 8 -11.743230 0.512890
612 85.020000 7 6.980070 0.430760
612 85.020000 8 -11.882000 0.518950
613 85.100000 7 7.104420 0.430240
613 85.100000 8 -11.978120 0.482530
614 92.150000 10 -11.140000 0.486370
614 92.150000 9 9.518400 0.416560
615 92.230000 10 -11.002700 0.480460
615 92.230000 9 9.352900 0.408210
616 92.310000 10 -10.903720 0.475830
616 92.310000 9 9.180920 0.430480
617 92.390000 10 -10.767420 0.469420
617 92.390000 9 9.020330 0.462650
618 92.470000 10 -10.650160 0.463810
618 92.470000 9 8.864840 0.466230
619 92.550000 10 -10.508780 0.501610
619 92.550000 9 8.720290 0.460660
620 92.630000 10 -10.366730 0.508840
620 92.630000 9 8.562380 0.451250
621 92.710000 10 -10.252630 0.495810
621 92.710000 9 8.377850 0.440180
622 92.790000 10 -10.116250 0.485180
622 92.790000 9 8.199870 0.430270
623 92.870000 10 -10.003930 0.478420
623 92.870000 9 8.049840 0.449440
624 92.940000 10 -9.880930 0.472600
624 92.940000 9 7.898820 0.448670
625 93.030000 10 -9.778610 0.468310
625 93.030000 9 7.759230 0.442080
626 93.110000 10 -9.680630 0.464310
626 93.110000 9 7.625440 0.433770
627 93.190000 10 -9.568800 0.459630
627 93.190000 9 7.453130 0.448200
628 93.270000 10 -9.416720 0.452560
628 93.270000 9 7.259950 0.468390
629 93.350000 10 -9.275300 0.476140
629 93.350000 9 7.096460 0.491690
630 93.430000 10 -9.148470 0.479970
630 93.430000 9 6.945370 0.514370
631 93.510000 10 -9.021590 0.474790
631 93.510000 9 6.802820 0.512430
632 93.590000 10 -8.916430 0.468310
632 93.590000 9 6.664250 0.502080
633 93.670000 10 -8.799680 0.490010
633 93.670000 9 6.501610 0.510040
634 93.750000 10 -8.715970 0.465170
634 93.750000 9 6.319580 0.500130
635 93.830000 10 -8.611710 0.451140
635 93.830000 9 6.164330 0.509270
636 93.910000 10 -8.464890 0.440670
636 93.910000 9 6.015730 0.502010
637 93.990000 10 -8.285880 0.431520
637 93.990000 9 5.872390 0.510320
638 94.070000 10 -8.128100 0.451510
638 94.070000 9 5.738100 0.524010
639 94.150000 10 -7.990080 0.453520
639 94.150000 9 5.582810 0.515370
640 94.230000 10 -7.867700 0.449360
640 94.230000 9 5.408370 0.517140
641 94.310000 10 -7.743740 0.442560
641 94.310000 9 5.236310 0.542130
642 94.390000 10 -7.601830 0.433840
642 94.390000 9 5.081030 0.556310
643 94.470000 10 -7.424070 0.422890
643 94.470000 9 4.945220 0.567160
644 94.550000 10 -7.265650 0.412650
644 94.550000 9 4.817990 0.558590
645 94.630000 10 -7.138110 0.404190
645 94.630000 9 4.672730 0.540510
646 94.710000 10 -7.023010 0.396540
646 94.710000 9 4.509880 0.550730
647 94.790000 10 -6.913780 0.389370
647 94.790000 9 4.345070 0.522470
648 94.870000 10 -6.786900 0.381630
648 94.870000 9 4.205250 0.515370
649 94.940000 10 -6.616890 0.394300
649 94.940000 9 4.074680 0.529390
650 95.030000 10 -6.453610 0.414870
650 95.030000 9 3.954960 0.522330
651 95.110000 10 -6.319680 0.415900
651 95.110000 9 3.845820 0.522500
652 95.190000 10 -6.210420 0.411540
652 95.190000 9 3.688040 0.528730
653 95.270000 10 -6.082520 0.402760
653 95.270000 9 3.511910 0.534650
654 95.350000 10 -5.958820 0.414120
654 95.350000 9 3.349510 0.554830
655 95.430000 10 -5.812570 0.429330
655 95.430000 9 3.193610 0.552860
656 95.510000 10 -5.644720 0.422810
656 95.510000 9 3.057350 0.568140
657 95.590000 10 -5.515590 0.432610
657 95.590000 9 2.927260 0.564840
658 95.670000 10 -5.387600 0.426700
658 95.670000 9 2.776730 0.569300
659 95.750000 10 -5.278270 0.435420
659 95.750000 9 2.592480 0.564490
660 95.830000 10 -5.161150 0.431840
660 95.830000 9 2.421870 0.551080
661 95.910000 10 -5.059840 0.421560
661 95.910000 9 2.271220 0.554720
662 95.990000 10 -4.922730 0.407750
662 95.990000 9 2.119380 0.555590
663 96.070000 10 -4.747810 0.408010
663 96.070000 9 2.004490 0.558330
664 96.150000 10 -4.591400 0.431820
664 96.150000 9 1.851130 0.550570
665 96.230000 10 -4.468270 0.402150
665 96.230000 9 1.664270 0.549350
666 96.310000 10 -4.358330 0.400760
666 96.310000 9 1.472760 0.566050
667 96.390000 10 -4.237520 0.392420
667 96.390000 9 1.299190 0.571040
668 96.470000 10 -4.117090 0.381830
668 96.470000 9 1.132110 0.574540
669 96.550000 10 -3.984240 0.383320
669 96.550000 9 0.969740 0.552570
670 96.630000 10 -3.845220 0.387260
670 96.630000 9 0.780350 0.510900
671 96.710000 10 -3.710930 0.390230
671 96.710000 9 0.586810 0.500960
672 96.790000 10 -3.591310 0.380750
672 96.790000 9 0.438500 0.494890
673 96.870000 10 -3.490090 0.368990
673 96.870000 9 0.328180 0.530080
674 96.950000 10 -3.404000 0.346560
674 96.950000 9 0.208630 0.544040
675 97.030000 10 -3.305050 0.331160
675 97.030000 9 0.094300 0.565710
676 97.110000 10 -3.193620 0.317530
676 97.110000 9 -0.024340 0.577830
677 97.190000 10 -3.077280 0.305860
677 97.190000 9 -0.204050 0.578690
678 97.270000 10 -2.967150 0.296300
678 97.270000 9 -0.343970 0.541760
679 97.350000 10 -2.872260 0.279050
679 97.350000 9 -0.503510 0.599860
680 97.430000 10 -2.791740 0.269610
680 97.430000 9 -0.633930 0.656400
681 97.510000 10 -2.720170 0.254450
681 97.510000 9 -0.737790 0.685850
682 97.590000 10 -2.643890 0.234890
682 97.590000 9 -0.858720 0.709340
683 97.670000 10 -2.566550 0.217660
683 97.670000 9 -1.000210 0.734210
684 97.750000 10 -2.459970 0.188420
684 97.750000 9 -1.090070 0.703090
685 97.830000 10 -2.355640 0.174170
685 97.830000 9 -1.151880 0.688330
686 97.910000 10 -2.263170 0.166330
686 97.910000 9 -1.185160 0.679630
687 97.990000 10 -2.183890 0.151530
687 97.990000 9 -1.212870 0.685340
688 98.070000 10 -2.107970 0.142470
688 98.070000 9 -1.260370 0.687870
689 98.150000 10 -2.037190 0.135930
689 98.150000 9 -1.325950 0.702350
690 98.230000 10 -1.953160 0.136430
690 98.230000 9 -1.442220 0.724290
691 98.310000 10 -1.848530 0.131500
691 98.310000 9 -1.588760 0.768700
692 98.390000 10 -1.732620 0.137050
692 98.390000 9 -1.732260 0.819280
693 98.470000 10 -1.625340 0.140900
693 98.470000 9 -1.863450 0.845270
694 98.550000 10 -1.516160 0.151870
694 98.550000 9 -1.969910 0.874650
695 98.630000 10 -1.404000 0.175450
695 98.630000 9 -2.083430 0.888810
696 98.710000 10 -1.285680 0.187790
696 98.710000 9 -2.213740 0.858890
697 98.790000 10 -1.127080 0.181380
697 98.790000 9 -2.308120 0.817220
698 98.870000 10 -0.999840 0.217950
698 98.870000 9 -2.369730 0.840010
699 98.950000 10 -0.851660 0.237890
699 98.950000 9 -2.479430 0.838280
700 99.030000 10 -0.778750 0.284310
700 99.030000 9 -2.589000 0.836560
701 99.110000 10 -0.692100 0.326140
702 99.190000 10 -0.575890 0.349040
703 99.270000 10 -0.456450 0.370420
704 99.350000 10 -0.316500 0.376020
704 99.350000 9 -3.131860 0.710700
705 99.430000 10 -0.162690 0.372050
705 99.430000 9 -3.266960 0.679910
706 99.510000 10 -0.005980 0.362180
706 99.510000 9 -3.380910 0.648920
707 99.590000 10 0.132510 0.336700
707 99.590000 9 -3.517290 0.614840
708 99.670000 10 0.271090 0.387740
708 99.670000 9 -3.700690 0.578770
709 99.750000 10 0.378170 0.419800
709 99.750000 9 -3.868990 0.537450
710 99.830000 10 0.479210 0.433550
710 99.830000 9 -3.990650 0.494900
711 99.910000 10 0.631710 0.441710
711 99.910000 9 -4.074440 0.460170
712 99.990000 10 0.831500 0.441660
712 99.990000 9 -4.179500 0.462990
713 100.070000 10 1.018140 0.441940
713 100.070000 9 -4.315330 0.452930
714 100.150000 10 1.172000 0.442510
714 100.150000 9 -4.521220 0.443120
715 100.230000 10 1.282620 0.438160
715 100.230000 9 -4.752330 0.442950
716 100.310000 10 1.352720 0.412000
716 100.310000 9 -4.942920 0.450870
717 100.390000 10 1.488500 0.419510
717 100.390000 9 -5.119060 0.463370
718 100.470000 10 1.686210 0.431490
718 100.470000 9 -5.238700 0.477870
719 100.550000 10 1.895160 0.461350
719 100.550000 9 -5.389230 0.493400
720 100.630000 10 2.073170 0.489610
720 100.630000 9 -5.626480 0.474770
721 100.710000 10 2.208240 0.490860
721 100.710000 9 -5.826190 0.461410
722 100.790000 10 2.318030 0.480700
722 100.790000 9 -5.983460 0.446420
723 100.870000 10 2.445940 0.482020
723 100.870000 9 -6.138160 0.452900
724 100.950000 10 2.607270 0.472730
724 100.950000 9 -6.242160 0.438320
725 101.030000 10 2.795540 0.459820
725 101.030000 9 -6.406260 0.423850
726 101.110000 10 2.959100 0.455950
726 101.110000 9 -6.649410 0.436370
727 101.190000 10 3.095040 0.449250
727 101.190000 9 -6.850540 0.448340
728 101.270000 10 3.207620 0.448670
728 101.270000 9 -7.006320 0.482170
729 101.350000 10 3.307180 0.448010
729 101.350000 9 -7.162870 0.473930
730 101.430000 10 3.424500 0.438360
730 101.430000 9 -7.299950 0.475770
731 101.510000 10 3.599400 0.431210
731 101.510000 9 -7.452670 0.483590
732 101.590000 10 3.778640 0.446080
732 101.590000 9 -7.618530 0.500120
733 101.670000 10 3.945180 0.450510
733 101.670000 9 -7.806130 0.482920
734 101.750000 10 4.079510 0.461440
734 101.750000 9 -7.971650 0.486020
735 101.830000 10 4.197370 0.459200
735 101.830000 9 -8.116740 0.465660
736 101.910000 10 4.306810 0.451940
736 101.910000 9 -8.243610 0.464940
737 101.990000 10 4.448240 0.446600
737 101.990000 9 -8.398240 0.473800
738 102.070000 10 4.611050 0.459630
738 102.070000 9 -8.589180 0.486530
739 102.150000 10 4.782180 0.445220
739 102.150000 9 -8.759590 0.496570
740 102.230000 10 4.932020 0.434060
740 102.230000 9 -8.904760 0.504310
741 102.310000 10 5.048670 0.420680
741 102.310000 9 -9.053870 0.511950
742 102.390000 10 5.149890 0.423070
742 102.390000 9 -9.205560 0.487600
743 102.470000 10 5.263240 0.433040
743 102.470000 9 -9.332440 0.483110
744 102.550000 10 5.386130 0.426520
744 102.550000 9 -9.491820 0.490200
745 102.630000 10 5.543560 0.435380
745 102.630000 9 -9.667620 0.457040
746 102.710000 10 5.698420 0.447480
746 102.710000 9 -9.786180 0.461590
747 102.790000 10 5.843120 0.458990
747 102.790000 9 -9.904370 0.469770
748 102.870000 10 5.968550 0.468720
748 102.870000 9 -10.017740 0.477910
749 102.950000 10 6.084980 0.456580
749 102.950000 9 -10.073900 0.446820
750 103.030000 10 6.179810 0.435610
750 103.030000 9 -10.209660 0.443370
751 103.110000 10 6.274430 0.433880
751 103.110000 9 -10.400600 0.451590
