0 2.43 2 -1.52221 2.65069
0 2.43 1 6.09362 3.00295
1 2.51 2 -1.41298 2.68491
1 2.51 1 5.95574 3.01196
2 2.59 2 -1.31846 2.69137
2 2.59 1 5.82037 3.01101
3 2.67 2 -1.2219 2.6913
3 2.67 1 5.70359 2.99268
4 2.75 2 -1.10928 2.68667
4 2.75 1 5.592 2.99096
5 2.83 2 -0.97076 2.67944
5 2.83 1 5.45579 2.97718
6 2.91 2 -0.80468 2.68417
6 2.91 1 5.26687 2.97482
7 2.99 2 -0.65603 2.64876
7 2.99 1 5.09861 2.97733
8 3.07 2 -0.54673 2.67207
8 3.07 1 4.9338 2.97367
9 3.15 2 -0.45463 2.68869
9 3.15 1 4.78831 2.97757
10 3.23 2 -0.36017 2.69702
10 3.23 1 4.66272 2.94698
11 3.31 2 -0.23889 2.6852
11 3.31 1 4.49982 2.88948
12 3.39 2 -0.09058 2.67291
12 3.39 1 4.3232 2.8659
13 3.47 2 0.06694 2.63829
13 3.47 1 4.22884 2.90072
14 3.55 2 0.19353 2.60181
14 3.55 1 4.1245 2.9158
15 3.63 2 0.30817 2.61159
15 3.63 1 4.0193 2.92292
16 3.71 2 0.40199 2.60216
16 3.71 1 3.91997 2.91059
17 3.79 2 0.51705 2.58476
17 3.79 1 3.82944 2.89698
18 3.87 2 0.60786 2.55688
18 3.87 1 3.68209 2.90907
19 3.95 2 0.75931 2.527
19 3.95 1 3.50711 2.89877
20 4.03 2 0.89832 2.47094
20 4.03 1 3.35407 2.89875
21 4.11 2 1.02346 2.4599
21 4.11 1 3.22479 2.88095
22 4.19 2 1.13363 2.46022
22 4.19 1 3.09496 2.84219
23 4.27 2 1.24165 2.45162
23 4.27 1 3.01764 2.85251
24 4.35 2 1.3291 2.44686
24 4.35 1 2.89922 2.80927
25 4.43 2 1.46441 2.4382
25 4.43 1 2.77453 2.79196
26 4.51 2 1.6416 2.40636
26 4.51 1 2.63949 2.79285
27 4.59 2 1.78791 2.36434
27 4.59 1 2.54483 2.79218
28 4.67 2 1.87294 2.30198
28 4.67 1 2.48903 2.7618
29 4.75 2 1.98096 2.31304
29 4.75 1 2.39331 2.81653
30 4.83 2 2.08804 2.31802
30 4.83 1 2.22837 2.89334
31 4.91 2 2.18604 2.3078
31 4.91 1 2.16508 2.89156
32 4.99 2 2.32246 2.27889
32 4.99 1 2.11647 2.85502
33 5.07 2 2.49047 2.28512
33 5.07 1 1.9993 2.83053
34 5.15 2 2.65114 2.33114
34 5.15 1 1.85961 2.83386
35 5.23 2 2.77974 2.35241
35 5.23 1 1.71332 2.80056
36 5.31 2 2.89107 2.37132
36 5.31 1 1.59167 2.75374
37 5.39 2 2.98114 2.39514
37 5.39 1 1.51807 2.78389
38 5.47 2 3.10097 2.43549
38 5.47 1 1.43856 2.78668
39 5.55 2 3.25801 2.48585
39 5.55 1 1.32437 2.789
40 5.63 2 3.41917 2.52089
40 5.63 1 1.14698 2.7482
41 5.71 2 3.54984 2.55797
41 5.71 1 1.02356 2.72568
42 5.79 2 3.65096 2.59748
42 5.79 1 0.92588 2.74846
43 5.87 2 3.71324 2.57499
43 5.87 1 0.83236 2.76211
44 5.95 2 3.8036 2.62366
44 5.95 1 0.74705 2.76584
45 6.03 2 3.91134 2.62252
45 6.03 1 0.65865 2.75503
46 6.11 2 4.08802 2.70896
46 6.11 1 0.53162 2.74949
47 6.19 2 4.25246 2.77086
47 6.19 1 0.37347 2.73514
48 6.27 2 4.38836 2.80305
48 6.27 1 0.24062 2.65825
49 6.35 2 4.47248 2.84438
49 6.35 1 0.12946 2.6944
50 6.43 2 4.56894 2.84937
50 6.43 1 0.03888 2.7348
51 6.51 2 4.66059 2.87471
51 6.51 1 -0.03161 2.73477
52 6.59 2 4.80141 2.89236
52 6.59 1 -0.15587 2.71815
53 6.67 2 4.96493 2.90857
53 6.67 1 -0.32037 2.70909
54 6.75 2 5.09904 2.91949
54 6.75 1 -0.46002 2.65131
55 6.83 2 5.20459 2.93886
55 6.83 1 -0.55906 2.62611
56 6.91 2 5.30556 2.94085
56 6.91 1 -0.64664 2.64512
57 6.99 2 5.31425 2.87569
57 6.99 1 -0.73248 2.65443
58 7.07 2 5.38954 2.85612
58 7.07 1 -0.81228 2.66235
59 7.15 2 5.54105 2.86075
59 7.15 1 -0.94744 2.66741
60 7.23 2 5.77441 2.95003
60 7.23 1 -1.09422 2.63324
61 7.31 2 5.947 2.95457
61 7.31 1 -1.22692 2.60551
62 15.24 3 6.09745 2.93984
62 15.24 4 -1.50791 2.58138
63 15.32 3 5.98052 2.94141
63 15.32 4 -1.40668 2.62077
64 15.4 3 5.85124 2.93995
64 15.4 4 -1.3124 2.65414
65 15.48 3 5.71748 2.93557
65 15.48 4 -1.22433 2.67525
66 15.56 3 5.62492 2.95518
66 15.56 4 -1.16031 2.68681
67 15.64 3 5.52526 2.94341
67 15.64 4 -1.05358 2.69312
68 15.72 3 5.43461 2.95004
68 15.72 4 -0.91452 2.70268
69 15.8 3 5.35445 2.94414
69 15.8 4 -0.77446 2.7083
70 15.88 3 5.26325 2.94634
70 15.88 4 -0.6493 2.65887
71 15.96 3 5.14122 2.93256
71 15.96 4 -0.55905 2.68726
72 16.04 3 4.98567 2.94453
72 16.04 4 -0.48263 2.71304
73 16.12 3 4.85717 2.94073
73 16.12 4 -0.40855 2.71468
74 16.2 3 4.73884 2.9318
74 16.2 4 -0.28967 2.70175
75 16.28 3 4.61694 2.89196
75 16.28 4 -0.14642 2.65808
76 16.36 3 4.50433 2.89104
76 16.36 4 -0.03269 2.59695
77 16.44 3 4.38359 2.87198
77 16.44 4 0.07112 2.61176
78 16.52 3 4.2628 2.84678
78 16.52 4 0.16073 2.6249
79 16.6 3 4.14185 2.83922
79 16.6 4 0.22832 2.62237
80 16.68 3 4.06374 2.89242
80 16.68 4 0.30511 2.63053
81 16.76 3 3.97908 2.90141
81 16.76 4 0.39046 2.62156
82 16.84 3 3.89416 2.9151
82 16.84 4 0.52292 2.61
83 16.92 3 3.80137 2.91041
83 16.92 4 0.62758 2.55003
84 17.0 3 3.71867 2.89993
84 17.0 4 0.73924 2.55949
85 17.08 3 3.59978 2.88983
85 17.08 4 0.84409 2.5706
86 17.16 3 3.46304 2.8832
86 17.16 4 0.92974 2.57347
87 17.24 3 3.32616 2.89643
87 17.24 4 1.00599 2.56069
88 17.32 3 3.19293 2.87189
88 17.32 4 1.12494 2.52904
89 17.4 3 3.06257 2.83139
89 17.4 4 1.26025 2.50163
90 17.48 3 2.96717 2.81949
90 17.48 4 1.3912 2.45641
91 17.56 3 2.87919 2.82993
91 17.56 4 1.48408 2.38663
92 17.64 3 2.76384 2.82808
92 17.64 4 1.56242 2.35728
93 17.72 3 2.60019 2.78936
93 17.72 4 1.64011 2.3502
94 17.8 3 2.50204 2.80482
94 17.8 4 1.71973 2.35319
95 17.88 3 2.43641 2.74943
95 17.88 4 1.81419 2.35068
96 17.96 3 2.31185 2.8286
96 17.96 4 1.93379 2.3107
97 18.04 3 2.1654 2.88188
97 18.04 4 2.09401 2.34671
98 18.12 3 2.08144 2.87247
98 18.12 4 2.21104 2.37218
99 18.2 3 1.99925 2.83255
99 18.2 4 2.29956 2.36828
100 18.28 3 1.90172 2.80765
100 18.28 4 2.37562 2.35687
101 18.36 3 1.77368 2.79448
101 18.36 4 2.45854 2.34542
102 18.44 3 1.6623 2.76956
102 18.44 4 2.58481 2.33118
103 18.52 3 1.56192 2.76041
103 18.52 4 2.70798 2.33844
104 18.6 3 1.47965 2.7661
104 18.6 4 2.8085 2.33642
105 18.68 3 1.39662 2.77986
105 18.68 4 2.89113 2.34977
106 18.76 3 1.2709 2.78312
106 18.76 4 2.94473 2.31385
107 18.84 3 1.12278 2.73175
107 18.84 4 2.97792 2.28338
108 18.92 3 1.01153 2.7356
108 18.92 4 3.07282 2.30386
109 19.0 3 0.90715 2.74978
109 19.0 4 3.22311 2.34977
110 19.08 3 0.81679 2.75367
110 19.08 4 3.39255 2.42907
111 19.16 3 0.73243 2.7442
111 19.16 4 3.51476 2.48839
112 19.24 3 0.62057 2.736
112 19.24 4 3.62165 2.49989
113 19.32 3 0.49288 2.73369
113 19.32 4 3.7091 2.49959
114 19.4 3 0.34404 2.72293
114 19.4 4 3.76689 2.50533
115 19.48 3 0.1992 2.65626
115 19.48 4 3.88336 2.51941
116 19.56 3 0.09266 2.68986
116 19.56 4 4.02028 2.54384
117 19.64 3 -0.00291 2.7262
117 19.64 4 4.15387 2.5565
118 19.72 3 -0.09198 2.7383
118 19.72 4 4.26548 2.56694
119 19.8 3 -0.20365 2.73919
119 19.8 4 4.35577 2.56637
120 19.88 3 -0.35565 2.73
120 19.88 4 4.40486 2.53953
121 19.96 3 -0.49692 2.70176
121 19.96 4 4.45182 2.54805
122 20.04 3 -0.59636 2.6596
122 20.04 4 4.539 2.56192
123 20.12 3 -0.69594 2.68739
123 20.12 4 4.69497 2.58931
124 20.2 3 -0.79029 2.6995
124 20.2 4 4.84674 2.6363
125 20.28 3 -0.90039 2.70666
125 20.28 4 4.97009 2.67227
126 20.36 3 -1.01983 2.7019
126 20.36 4 5.067 2.69313
127 20.44 3 -1.17106 2.69993
127 20.44 4 5.14391 2.70192
128 20.52 3 -1.29571 2.67745
128 20.52 4 5.21406 2.70052
129 20.6 3 -1.4296 2.7056
129 20.6 4 5.29984 2.72588
130 20.68 3 -1.55148 2.71839
130 20.68 4 5.44927 2.73228
131 20.76 3 -1.63243 2.73745
131 20.76 4 5.58851 2.73613
132 20.84 3 -1.72803 2.73998
132 20.84 4 5.69538 2.74804
133 20.92 3 -1.88536 2.73183
133 20.92 4 5.79202 2.76059
134 21.0 3 -2.05995 2.69934
134 21.0 4 5.86074 2.73513
135 21.08 3 -2.18428 2.70179
135 21.08 4 5.92076 2.7477
136 21.16 3 -2.25311 2.6379
136 21.16 4 6.01109 2.74067
137 28.68 5 -1.53762 2.64538
137 28.68 6 5.83353 2.93222
138 28.76 5 -1.46041 2.64022
138 28.76 6 5.72626 2.93451
139 28.84 5 -1.37041 2.62288
139 28.84 6 5.59508 2.92783
140 28.92 5 -1.22647 2.62924
140 28.92 6 5.46765 2.92363
141 29.0 5 -1.07548 2.62936
141 29.0 6 5.3641 2.90965
142 29.08 5 -0.93116 2.61474
142 29.08 6 5.25228 2.9274
143 29.16 5 -0.82009 2.59581
143 29.16 6 5.1664 2.92293
144 29.24 5 -0.7339 2.6278
144 29.24 6 5.07741 2.90481
145 29.32 5 -0.6554 2.63407
145 29.32 6 4.98477 2.90138
146 29.4 5 -0.5417 2.62718
146 29.4 6 4.85888 2.90188
147 29.48 5 -0.39138 2.60732
147 29.48 6 4.71167 2.89577
148 29.56 5 -0.24236 2.54491
148 29.56 6 4.57504 2.8979
149 29.64 5 -0.12171 2.5332
149 29.64 6 4.44903 2.88394
150 29.72 5 -0.00477 2.54342
150 29.72 6 4.31889 2.85558
151 29.8 5 0.08575 2.54199
151 29.8 6 4.22489 2.85068
152 29.88 5 0.17508 2.51699
152 29.88 6 4.13202 2.84284
153 29.96 5 0.28765 2.49301
153 29.96 6 4.00624 2.84511
154 30.04 5 0.4475 2.46125
154 30.04 6 3.89969 2.83492
155 30.12 5 0.56918 2.41455
155 30.12 6 3.80095 2.85759
156 30.2 5 0.67143 2.4086
156 30.2 6 3.71202 2.86057
157 30.28 5 0.79499 2.38496
157 30.28 6 3.62603 2.84457
158 30.36 5 0.88468 2.365
158 30.36 6 3.55417 2.84322
159 30.44 5 0.98931 2.34523
159 30.44 6 3.46686 2.8428
160 30.52 5 1.10612 2.32154
160 30.52 6 3.34613 2.84646
161 30.6 5 1.25478 2.27616
161 30.6 6 3.21187 2.84944
162 30.69 5 1.3801 2.21342
162 30.69 6 3.07878 2.85667
163 30.77 5 1.45563 2.15712
163 30.77 6 2.96434 2.82148
164 30.85 5 1.57404 2.1797
164 30.85 6 2.84839 2.77854
165 30.92 5 1.68364 2.19328
165 30.92 6 2.7651 2.7703
166 31.0 5 1.7909 2.18431
166 31.0 6 2.7033 2.78474
167 31.09 5 1.92878 2.17167
167 31.09 6 2.5983 2.77535
168 31.16 5 2.06028 2.15372
168 31.16 6 2.48358 2.84286
169 31.25 5 2.22759 2.18528
169 31.25 6 2.38951 2.83868
170 31.32 5 2.35011 2.20531
170 31.32 6 2.31234 2.82925
171 31.4 5 2.46199 2.22366
171 31.4 6 2.22984 2.81853
172 31.48 5 2.54926 2.23736
172 31.48 6 2.1699 2.81359
173 31.56 5 2.66855 2.25514
173 31.56 6 2.09722 2.80838
174 31.64 5 2.81852 2.27786
174 31.64 6 1.98893 2.80165
175 31.72 5 2.9781 2.2842
175 31.72 6 1.85331 2.81361
176 31.8 5 3.10439 2.28278
176 31.8 6 1.73387 2.79191
177 31.88 5 3.18806 2.28268
177 31.88 6 1.6045 2.73722
178 31.96 5 3.25849 2.28541
178 31.96 6 1.51475 2.75487
179 32.04 5 3.33687 2.29925
179 32.04 6 1.46044 2.77889
180 32.12 5 3.4314 2.2917
180 32.12 6 1.38288 2.76492
181 32.2 5 3.62251 2.36235
181 32.2 6 1.26231 2.76279
182 32.28 5 3.81248 2.42148
182 32.28 6 1.13009 2.72277
183 32.36 5 3.95693 2.47498
183 32.36 6 1.03196 2.72424
184 32.44 5 4.0812 2.50368
184 32.44 6 0.94384 2.7505
185 32.52 5 4.1668 2.54101
185 32.52 6 0.86261 2.76011
186 32.6 5 4.26441 2.55986
186 32.6 6 0.78855 2.76536
187 32.68 5 4.39288 2.58863
187 32.68 6 0.6956 2.76476
188 32.77 5 4.5486 2.62979
188 32.77 6 0.59411 2.75156
189 32.84 5 4.68804 2.65889
189 32.84 6 0.45154 2.75342
190 32.92 5 4.8072 2.69153
190 32.92 6 0.3284 2.6869
191 33.01 5 4.90013 2.71241
191 33.01 6 0.22623 2.70596
192 33.09 5 4.95733 2.69183
192 33.09 6 0.14925 2.74132
193 33.17 5 5.02359 2.69157
193 33.17 6 0.07375 2.74648
194 33.25 5 5.13806 2.70432
194 33.25 6 -0.02934 2.74588
195 33.33 5 5.33214 2.75733
195 33.33 6 -0.17305 2.72791
196 33.41 5 5.50449 2.8107
196 33.41 6 -0.30657 2.67639
197 33.49 5 5.63085 2.8646
197 33.49 6 -0.39318 2.6487
198 33.57 5 5.73364 2.86531
198 33.57 6 -0.49388 2.67929
199 33.64 5 5.80756 2.88633
199 33.64 6 -0.56658 2.6926
200 33.73 5 5.91159 2.90666
200 33.73 6 -0.65191 2.69728
201 41.33 7 5.95663 2.90375
201 41.33 8 -1.62429 2.61009
202 41.41 7 5.82646 2.8949
202 41.41 8 -1.5341 2.63826
203 41.49 7 5.67972 2.85848
203 41.49 8 -1.45621 2.64925
204 41.57 7 5.593 2.89851
204 41.57 8 -1.38941 2.66319
205 41.65 7 5.50392 2.92364
205 41.65 8 -1.29301 2.6798
206 41.73 7 5.39785 2.92999
206 41.73 8 -1.15243 2.6915
207 41.81 7 5.30103 2.91929
207 41.81 8 -1.02511 2.68616
208 41.89 7 5.24034 2.89191
208 41.89 8 -0.88807 2.63366
209 41.97 7 5.11541 2.88968
209 41.97 8 -0.79639 2.66646
210 42.05 7 4.97799 2.88781
210 42.05 8 -0.72502 2.71486
211 42.13 7 4.837 2.86604
211 42.13 8 -0.65886 2.73061
212 42.21 7 4.69545 2.86383
212 42.21 8 -0.55548 2.73289
213 42.29 7 4.56433 2.86973
213 42.29 8 -0.42369 2.73413
214 42.37 7 4.43825 2.85474
214 42.37 8 -0.27102 2.6908
215 42.45 7 4.31263 2.82868
215 42.45 8 -0.15141 2.67359
216 42.53 7 4.19288 2.80248
216 42.53 8 -0.05441 2.6872
217 42.61 7 4.09711 2.81212
217 42.61 8 0.0399 2.69375
218 42.69 7 3.97038 2.82179
218 42.69 8 0.12014 2.69658
219 42.77 7 3.88446 2.85161
219 42.77 8 0.22554 2.68872
220 42.85 7 3.78609 2.8597
220 42.85 8 0.35087 2.67256
221 42.93 7 3.69286 2.86694
221 42.93 8 0.48991 2.63746
222 43.01 7 3.61669 2.848
222 43.01 8 0.58918 2.61073
223 43.09 7 3.52251 2.83371
223 43.09 8 0.68947 2.6161
224 43.17 7 3.41476 2.82739
224 43.17 8 0.77698 2.60779
225 43.25 7 3.24687 2.84027
225 43.25 8 0.85667 2.5691
226 43.33 7 3.10789 2.83569
226 43.33 8 0.97111 2.5278
227 43.41 7 2.97507 2.81903
227 43.41 8 1.09463 2.46909
228 43.49 7 2.82102 2.76415
228 43.49 8 1.21001 2.41104
229 43.57 7 2.73234 2.78094
229 43.57 8 1.29452 2.33887
230 43.65 7 2.6639 2.79764
230 43.65 8 1.39122 2.31934
231 43.73 7 2.5744 2.81263
231 43.73 8 1.47636 2.30661
232 43.81 7 2.40052 2.79558
232 43.81 8 1.5437 2.28975
233 43.89 7 2.29601 2.7173
233 43.89 8 1.66527 2.27696
234 43.97 7 2.12927 2.84849
234 43.97 8 1.81474 2.25392
235 44.05 7 2.03051 2.84109
235 44.05 8 1.95262 2.24717
236 44.13 7 1.94892 2.8205
236 44.13 8 2.08074 2.27012
237 44.21 7 1.88435 2.79358
237 44.21 8 2.18505 2.25971
238 44.29 7 1.77464 2.76163
238 44.29 8 2.26439 2.2633
239 44.37 7 1.6257 2.75015
239 44.37 8 2.33826 2.25646
240 44.45 7 1.48653 2.75696
240 44.45 8 2.46849 2.252
241 44.53 7 1.34322 2.70754
241 44.53 8 2.61368 2.26427
242 44.61 7 1.23048 2.71325
242 44.61 8 2.75439 2.23831
243 44.69 7 1.14277 2.74271
243 44.69 8 2.8631 2.23586
244 44.77 7 1.05168 2.75586
244 44.77 8 2.9399 2.22364
245 44.85 7 0.91785 2.75098
245 44.85 8 2.9721 2.19038
246 44.93 7 0.75057 2.72755
246 44.93 8 3.04396 2.20653
247 45.01 7 0.59533 2.65668
247 45.01 8 3.17568 2.22784
248 45.09 7 0.49012 2.68802
248 45.09 8 3.35118 2.29177
249 45.17 7 0.39422 2.70774
249 45.17 8 3.50258 2.34767
250 45.25 7 0.30585 2.72074
250 45.25 8 3.61339 2.38976
251 45.33 7 0.21066 2.71575
251 45.33 8 3.71934 2.41197
252 45.41 7 0.10741 2.70866
252 45.41 8 3.77916 2.4222
253 45.49 7 -0.04917 2.7077
253 45.49 8 3.89154 2.4305
254 45.57 7 -0.20344 2.69535
254 45.57 8 4.02937 2.44981
255 45.65 7 -0.32939 2.66645
255 45.65 8 4.16772 2.46535
256 45.73 7 -0.45631 2.67693
256 45.73 8 4.28689 2.47851
257 45.81 7 -0.54647 2.69337
257 45.81 8 4.37471 2.49309
258 45.89 7 -0.6279 2.70594
258 45.89 8 4.45276 2.49257
259 45.97 7 -0.74005 2.70728
259 45.97 8 4.50454 2.48566
260 46.05 7 -0.89544 2.68135
260 46.05 8 4.60093 2.51674
261 46.13 7 -1.03329 2.65432
261 46.13 8 4.74543 2.55478
262 46.21 7 -1.12618 2.60034
262 46.21 8 4.89809 2.60814
263 46.29 7 -1.23199 2.62813
263 46.29 8 5.01756 2.64525
264 46.37 7 -1.32268 2.6359
264 46.37 8 5.13727 2.65087
265 46.45 7 -1.40106 2.63942
265 46.45 8 5.21278 2.67376
266 46.53 7 -1.51406 2.64034
266 46.53 8 5.28298 2.68521
267 46.61 7 -1.66841 2.62979
267 46.61 8 5.37971 2.70736
268 46.69 7 -1.80261 2.61911
268 46.69 8 5.51078 2.72744
269 46.77 7 -1.94845 2.63225
269 46.77 8 5.66191 2.72023
270 46.85 7 -2.05356 2.6399
270 46.85 8 5.78703 2.73219
271 46.93 7 -2.14452 2.6491
271 46.93 8 5.87526 2.73631
272 47.01 7 -2.23235 2.65772
272 47.01 8 5.93201 2.7266
273 55.65 10 -0.81349 2.54892
273 55.65 9 6.07182 2.9292
274 55.73 10 -0.7267 2.56684
274 55.73 9 5.98115 2.94458
275 55.81 10 -0.65187 2.58763
275 55.81 9 5.86781 2.95201
276 55.89 10 -0.57246 2.58924
276 55.89 9 5.7458 2.95378
277 55.97 10 -0.4269 2.55097
277 55.97 9 5.62804 2.93284
278 56.05 10 -0.28464 2.49025
278 56.05 9 5.52399 2.93241
279 56.13 10 -0.15472 2.46386
279 56.13 9 5.40588 2.95658
280 56.21 10 -0.04404 2.47075
280 56.21 9 5.32484 2.93554
281 56.29 10 0.03681 2.45293
281 56.29 9 5.22884 2.92799
282 56.37 10 0.13035 2.43273
282 56.37 9 5.10029 2.93126
283 56.45 10 0.20681 2.39548
283 56.45 9 4.9473 2.92708
284 56.53 10 0.32012 2.36538
284 56.53 9 4.80429 2.93077
285 56.61 10 0.46842 2.33291
285 56.61 9 4.67263 2.91754
286 56.69 10 0.58731 2.25586
286 56.69 9 4.55312 2.90235
287 56.77 10 0.70589 2.23624
287 56.77 9 4.44754 2.87055
288 56.85 10 0.80575 2.23366
288 56.85 9 4.33991 2.86957
289 56.93 10 0.8894 2.21794
289 56.93 9 4.20251 2.85414
290 57.01 10 0.99146 2.18844
290 57.01 9 4.09858 2.88804
291 57.09 10 1.1202 2.15368
291 57.09 9 4.00123 2.8907
292 57.17 10 1.25674 2.11327
292 57.17 9 3.91173 2.88095
293 57.25 10 1.36923 2.06583
293 57.25 9 3.81859 2.88651
294 57.33 10 1.43918 2.00063
294 57.33 9 3.73316 2.88096
295 57.41 10 1.54719 2.00884
295 57.41 9 3.59224 2.87653
296 57.49 10 1.62494 2.00184
296 57.49 9 3.45415 2.86247
297 57.57 10 1.73097 1.99607
297 57.57 9 3.31618 2.8675
298 57.65 10 1.8526 1.98923
298 57.65 9 3.1858 2.84345
299 57.73 10 1.98857 1.96029
299 57.73 9 3.07145 2.76226
300 57.81 10 2.14152 2.00378
300 57.81 9 2.96271 2.72496
301 57.89 10 2.26628 2.02929
301 57.89 9 2.78032 2.79864
302 57.97 10 2.37833 2.02378
302 57.97 9 2.64995 2.73664
303 58.05 10 2.46068 2.03848
303 58.05 9 2.58504 2.76584
304 58.13 10 2.56196 2.05685
304 58.13 9 2.51791 2.79316
305 58.21 10 2.6879 2.08668
305 58.21 9 2.42069 2.81606
306 58.29 10 2.85081 2.10826
306 58.29 9 2.33092 2.80944
307 58.37 10 2.99203 2.14114
307 58.37 9 2.26065 2.8021
308 58.45 10 3.10364 2.15614
308 58.45 9 2.13181 2.80141
309 58.53 10 3.18225 2.14468
309 58.53 9 1.99571 2.78204
310 58.61 10 3.24124 2.14961
310 58.61 9 1.85483 2.77721
311 58.69 10 3.3335 2.16191
311 58.69 9 1.715 2.70731
312 58.77 10 3.50558 2.22028
312 58.77 9 1.60724 2.72142
313 58.85 10 3.68414 2.28972
313 58.85 9 1.54076 2.75051
314 58.93 10 3.83245 2.35187
314 58.93 9 1.43648 2.73501
315 59.01 10 3.95633 2.38301
315 59.01 9 1.3136 2.74709
316 59.09 10 4.05075 2.4245
316 59.09 9 1.13223 2.66713
317 59.17 10 4.1452 2.45853
317 59.17 9 1.03743 2.68054
318 59.25 10 4.249 2.49797
318 59.25 9 0.94015 2.71495
319 59.33 10 4.39483 2.54168
319 59.33 9 0.86477 2.70792
320 59.41 10 4.53535 2.59283
320 59.41 9 0.78419 2.72044
321 59.49 10 4.67536 2.62629
321 59.49 9 0.67382 2.71875
322 59.57 10 4.77837 2.64989
322 59.57 9 0.54017 2.70677
323 59.65 10 4.85496 2.66147
323 59.65 9 0.40264 2.68473
324 59.73 10 4.9206 2.66766
324 59.73 9 0.27476 2.63101
325 59.81 10 4.98999 2.65483
325 59.81 9 0.1719 2.67161
326 59.89 10 5.10901 2.66425
326 59.89 9 0.08537 2.70852
327 59.97 10 5.28988 2.72843
327 59.97 9 0.01725 2.72752
328 60.05 10 5.44291 2.77723
328 60.05 9 -0.12223 2.71327
329 60.13 10 5.57127 2.78687
329 60.13 9 -0.26938 2.69314
330 60.21 10 5.65966 2.81289
330 60.21 9 -0.39245 2.62008
331 60.29 10 5.72687 2.84186
331 60.29 9 -0.498 2.63269
332 60.37 10 5.82511 2.86497
332 60.37 9 -0.57554 2.64346
333 60.45 10 5.93896 2.89501
333 60.45 9 -0.65008 2.65108
334 60.53 10 6.08471 2.91206
334 60.53 9 -0.74707 2.65453
335 68.21 11 5.99029 2.89557
335 68.21 12 -1.21577 2.67042
336 68.29 11 5.85339 2.8763
336 68.29 12 -1.10403 2.66603
337 68.37 11 5.75251 2.91372
337 68.37 12 -0.96236 2.66996
338 68.45 11 5.65716 2.91519
338 68.45 12 -0.84356 2.64012
339 68.53 11 5.54866 2.93915
339 68.53 12 -0.74186 2.60953
340 68.61 11 5.4547 2.93882
340 68.61 12 -0.64977 2.63051
341 68.69 11 5.38283 2.91069
341 68.69 12 -0.58015 2.64902
342 68.77 11 5.29715 2.90645
342 68.77 12 -0.4987 2.63323
343 68.85 11 5.16678 2.91366
343 68.85 12 -0.37644 2.59979
344 68.93 11 5.02979 2.91737
344 68.93 12 -0.22331 2.5134
345 69.01 11 4.89812 2.92908
345 69.01 12 -0.11414 2.48088
346 69.1 11 4.76713 2.89737
346 69.1 12 -0.00912 2.48749
347 69.17 11 4.63504 2.88674
347 69.17 12 0.08012 2.46953
348 69.26 11 4.50298 2.844
348 69.26 12 0.15693 2.45605
349 69.33 11 4.39155 2.82197
349 69.33 12 0.23442 2.43908
350 69.42 11 4.23782 2.81403
350 69.42 12 0.36113 2.41504
351 69.5 11 4.12868 2.8307
351 69.5 12 0.49991 2.36762
352 69.57 11 4.0359 2.8723
352 69.57 12 0.60317 2.27271
353 69.66 11 3.94084 2.8761
353 69.66 12 0.71791 2.28076
354 69.74 11 3.8394 2.87386
354 69.74 12 0.81346 2.29089
355 69.82 11 3.74505 2.86752
355 69.82 12 0.889 2.28139
356 69.9 11 3.66557 2.85295
356 69.9 12 0.98713 2.25605
357 69.97 11 3.55078 2.84182
357 69.97 12 1.11297 2.20865
358 70.06 11 3.38117 2.8577
358 70.06 12 1.25291 2.15433
359 70.14 11 3.25246 2.8479
359 70.14 12 1.3547 2.08621
360 70.22 11 3.11684 2.84605
360 70.22 12 1.41368 2.01686
361 70.3 11 2.98327 2.80841
361 70.3 12 1.52 2.0148
362 70.38 11 2.89329 2.80208
362 70.38 12 1.60383 2.01655
363 70.46 11 2.81794 2.80557
363 70.46 12 1.69294 2.01322
364 70.53 11 2.71296 2.79787
364 70.53 12 1.84619 2.00968
365 70.62 11 2.48233 2.74545
365 70.62 12 1.97859 1.96975
366 70.69 11 2.39007 2.75493
366 70.69 12 2.12444 2.00624
367 70.78 11 2.28538 2.79937
367 70.78 12 2.24627 2.02265
368 70.86 11 2.19603 2.81178
368 70.86 12 2.34397 2.02615
369 70.94 11 2.10612 2.80854
369 70.94 12 2.41824 2.02628
370 71.02 11 2.02139 2.79517
370 71.02 12 2.49731 2.02637
371 71.1 11 1.92563 2.77576
371 71.1 12 2.6408 2.02127
372 71.18 11 1.76155 2.77417
372 71.18 12 2.78275 2.0329
373 71.25 11 1.62521 2.76269
373 71.25 12 2.90406 2.02621
374 71.34 11 1.47908 2.73425
374 71.34 12 3.00487 2.02371
375 71.41 11 1.37468 2.72716
375 71.41 12 3.07845 2.01211
376 71.5 11 1.29088 2.73698
376 71.5 12 3.12317 2.00444
377 71.57 11 1.20113 2.74138
377 71.57 12 3.20302 2.02602
378 71.65 11 1.07867 2.74512
378 71.65 12 3.34101 2.05417
379 71.74 11 0.92211 2.69825
379 71.74 12 3.51391 2.11875
380 71.82 11 0.80427 2.67263
380 71.82 12 3.66022 2.14512
381 71.89 11 0.70395 2.69404
381 71.89 12 3.77457 2.1782
382 71.98 11 0.60982 2.71529
382 71.98 12 3.86938 2.20455
383 72.06 11 0.53872 2.70525
383 72.06 12 3.94333 2.21835
384 72.14 11 0.44853 2.69469
384 72.14 12 4.02637 2.2332
385 72.22 11 0.32464 2.69607
385 72.22 12 4.17047 2.26879
386 72.3 11 0.17441 2.70001
386 72.3 12 4.31979 2.30363
387 72.37 11 0.0459 2.66692
387 72.37 12 4.45263 2.30723
388 72.46 11 -0.07747 2.66444
388 72.46 12 4.55445 2.31919
389 72.54 11 -0.18818 2.68618
389 72.54 12 4.62518 2.32502
390 72.61 11 -0.28166 2.70297
390 72.61 12 4.68073 2.34576
391 72.69 11 -0.35867 2.70992
391 72.69 12 4.76855 2.35263
392 72.78 11 -0.5004 2.69945
392 72.78 12 4.9145 2.3986
393 72.86 11 -0.64101 2.69937
393 72.86 12 5.0659 2.44734
394 72.94 11 -0.76621 2.6656
394 72.94 12 5.18367 2.49678
395 73.02 11 -0.8741 2.63745
395 73.02 12 5.27491 2.51692
396 73.1 11 -0.95975 2.64369
396 73.1 12 5.38071 2.53532
397 73.18 11 -1.03117 2.64354
397 73.18 12 5.43482 2.55644
398 73.26 11 -1.12108 2.6414
398 73.26 12 5.53397 2.57964
399 73.34 11 -1.25729 2.65358
399 73.34 12 5.67614 2.59623
400 73.42 11 -1.39992 2.64004
400 73.42 12 5.83112 2.60818
401 73.5 11 -1.53254 2.62691
401 73.5 12 5.94776 2.61952
402 73.58 11 -1.66186 2.643
402 73.58 12 6.04313 2.65111
403 81.9 13 -0.77258 2.54237
403 81.9 14 5.97417 2.94471
404 81.98 13 -0.68922 2.54774
404 81.98 14 5.86491 2.94871
405 82.06 13 -0.61266 2.54477
405 82.06 14 5.72465 2.91469
406 82.14 13 -0.50046 2.52339
406 82.14 14 5.59806 2.92964
407 82.22 13 -0.35288 2.46976
407 82.22 14 5.47312 2.93346
408 82.3 13 -0.22224 2.39085
408 82.3 14 5.3472 2.9533
409 82.38 13 -0.0986 2.39153
409 82.38 14 5.22988 2.95582
410 82.46 13 -0.00731 2.38326
410 82.46 14 5.10844 2.95374
411 82.54 13 0.08744 2.36229
411 82.54 14 5.00236 2.95302
412 82.62 13 0.17557 2.33268
412 82.62 14 4.88815 2.93291
413 82.7 13 0.25845 2.2945
413 82.7 14 4.72068 2.92142
414 82.78 13 0.37423 2.24323
414 82.78 14 4.54942 2.9275
415 82.86 13 0.51783 2.19432
415 82.86 14 4.41116 2.91628
416 82.94 13 0.6291 2.09357
416 82.94 14 4.26685 2.8791
417 83.02 13 0.75068 2.08519
417 83.02 14 4.16181 2.86577
418 83.1 13 0.84845 2.08373
418 83.1 14 4.02935 2.84455
419 83.18 13 0.92944 2.07845
419 83.18 14 3.89558 2.84701
420 83.26 13 1.02722 2.05643
420 83.26 14 3.76588 2.83651
421 83.34 13 1.15898 2.00637
421 83.34 14 3.65315 2.85437
422 83.42 13 1.29826 1.95723
422 83.42 14 3.54517 2.87418
423 83.5 13 1.4085 1.89985
423 83.5 14 3.44898 2.86235
424 83.58 13 1.47038 1.84522
424 83.58 14 3.38089 2.83879
425 83.66 13 1.57623 1.8417
425 83.66 14 3.25038 2.84309
426 83.74 13 1.66796 1.84074
426 83.74 14 3.12157 2.7937
427 83.82 13 1.76382 1.82764
427 83.82 14 3.00036 2.715
428 83.9 13 1.8978 1.80189
428 83.9 14 2.82631 2.89149
429 83.98 13 2.03453 1.76303
429 83.98 14 2.67048 2.81068
430 84.06 13 2.19067 1.79357
430 84.06 14 2.56944 2.75831
431 84.14 13 2.30903 1.80496
431 84.14 14 2.48585 2.74616
432 84.22 13 2.40426 1.8159
432 84.22 14 2.33698 2.71497
433 84.3 13 2.50252 1.82055
433 84.3 14 2.18655 2.68468
434 84.38 13 2.60622 1.83245
434 84.38 14 2.08453 2.69675
435 84.46 13 2.7502 1.84578
435 84.46 14 2.00149 2.70277
436 84.54 13 2.90794 1.84987
436 84.54 14 1.90023 2.708
437 84.62 13 3.03281 1.87556
437 84.62 14 1.8268 2.69414
438 84.7 13 3.12304 1.88909
438 84.7 14 1.72002 2.67486
439 84.78 13 3.18897 1.88917
439 84.78 14 1.55317 2.66443
440 84.86 13 3.25583 1.90507
440 84.86 14 1.40891 2.65133
441 84.94 13 3.35486 1.93311
441 84.94 14 1.27338 2.62083
442 85.03 13 3.50521 1.97102
442 85.03 14 1.1794 2.63996
443 85.1 13 3.66851 2.03789
443 85.1 14 1.08868 2.64396
444 85.18 13 3.80985 2.07581
444 85.18 14 0.93969 2.63111
445 85.26 13 3.92514 2.10675
445 85.26 14 0.79391 2.59284
446 85.34 13 4.00803 2.14304
446 85.34 14 0.68696 2.63407
447 85.42 13 4.08745 2.1673
447 85.42 14 0.5882 2.66043
448 85.5 13 4.17914 2.21228
448 85.5 14 0.50851 2.65827
449 85.58 13 4.31996 2.25296
449 85.58 14 0.41699 2.66475
450 85.66 13 4.4698 2.30468
450 85.66 14 0.28855 2.66876
451 85.74 13 4.60797 2.33128
451 85.74 14 0.12276 2.66642
452 85.82 13 4.71805 2.37488
452 85.82 14 -0.02683 2.64258
453 85.9 13 4.79807 2.39272
453 85.9 14 -0.15042 2.68264
454 85.98 13 4.8638 2.41957
454 85.98 14 -0.24468 2.70317
455 86.06 13 4.9371 2.43563
455 86.06 14 -0.33345 2.7067
456 86.14 13 5.05731 2.49178
456 86.14 14 -0.48982 2.71345
457 86.22 13 5.20966 2.54659
457 86.22 14 -0.65634 2.70452
458 86.3 13 5.34161 2.60456
458 86.3 14 -0.79693 2.65551
459 86.38 13 5.4524 2.65665
459 86.38 14 -0.91387 2.66218
460 86.46 13 5.53467 2.69593
460 86.46 14 -1.01047 2.67635
461 86.54 13 5.59739 2.72618
461 86.54 14 -1.09358 2.67368
462 86.62 13 5.68568 2.74168
462 86.62 14 -1.22894 2.67857
463 86.7 13 5.78185 2.78409
463 86.7 14 -1.37578 2.65038
464 86.78 13 5.90955 2.8223
464 86.78 14 -1.5342 2.66352
465 94.79 16 6.0447 2.91379
465 94.79 15 -1.04513 2.48229
466 94.87 16 5.89279 2.89247
466 94.87 15 -0.90584 2.4665
467 94.95 16 5.77466 2.89797
467 94.95 15 -0.7721 2.43828
468 95.03 16 5.68397 2.91959
468 95.03 15 -0.64821 2.37992
469 95.11 16 5.58898 2.93544
469 95.11 15 -0.56108 2.39505
470 95.19 16 5.48776 2.94779
470 95.19 15 -0.48885 2.40516
471 95.27 16 5.41568 2.92628
471 95.27 15 -0.39602 2.37297
472 95.35 16 5.31297 2.91336
472 95.35 15 -0.27404 2.34526
473 95.43 16 5.16781 2.93125
473 95.43 15 -0.1299 2.2781
474 95.51 16 5.03071 2.92346
474 95.51 15 -0.00479 2.2066
475 95.59 16 4.89306 2.92659
475 95.59 15 0.10048 2.19993
476 95.67 16 4.76332 2.89347
476 95.67 15 0.19687 2.18662
477 95.75 16 4.62973 2.86213
477 95.75 15 0.27728 2.17644
478 95.83 16 4.50795 2.84061
478 95.83 15 0.37843 2.16017
479 95.91 16 4.37557 2.80966
479 95.91 15 0.50927 2.11235
480 95.99 16 4.24757 2.80137
480 95.99 15 0.66946 2.06741
481 96.07 16 4.1535 2.82398
481 96.07 15 0.78596 2.02093
482 96.15 16 4.06327 2.86689
482 96.15 15 0.89836 2.03563
483 96.23 16 3.96781 2.86659
483 96.23 15 0.99723 2.01646
484 96.31 16 3.88179 2.85956
484 96.31 15 1.08484 1.99459
485 96.39 16 3.79264 2.85202
485 96.39 15 1.18978 1.96649
486 96.47 16 3.6759 2.84906
486 96.47 15 1.33101 1.91879
487 96.55 16 3.54521 2.83541
487 96.55 15 1.47952 1.88068
488 96.63 16 3.38724 2.84239
488 96.63 15 1.60058 1.81571
489 96.71 16 3.26525 2.81733
489 96.71 15 1.66711 1.75237
490 96.79 16 3.11987 2.73991
490 96.79 15 1.76876 1.74355
491 96.87 16 3.01 2.70457
491 96.87 15 1.83255 1.72943
492 96.95 16 2.83136 2.77981
492 96.95 15 1.96768 1.73719
493 97.03 16 2.77763 2.78456
493 97.03 15 2.09274 1.69644
494 97.11 16 2.63993 2.77112
494 97.11 15 2.29328 1.74678
495 97.19 16 2.52329 2.77637
495 97.19 15 2.44071 1.79283
496 97.27 16 2.41852 2.80648
496 97.27 15 2.55791 1.79531
497 97.35 16 2.31257 2.81674
497 97.35 15 2.65966 1.80025
498 97.43 16 2.23176 2.81545
498 97.43 15 2.74054 1.80046
499 97.51 16 2.14682 2.80707
499 97.51 15 2.86967 1.82443
500 97.59 16 2.0301 2.79726
500 97.59 15 3.0394 1.841
501 97.67 16 1.87922 2.78105
501 97.67 15 3.18431 1.84809
502 97.75 16 1.72512 2.77773
502 97.75 15 3.29869 1.86399
503 97.83 16 1.59455 2.73559
503 97.83 15 3.40191 1.88111
504 97.91 16 1.48219 2.72414
504 97.91 15 3.47051 1.89361
505 97.99 16 1.40078 2.74186
505 97.99 15 3.55248 1.90382
506 98.07 16 1.31563 2.74895
506 98.07 15 3.68803 1.94217
507 98.15 16 1.17322 2.74694
507 98.15 15 3.85781 2.01113
508 98.23 16 1.01284 2.70801
508 98.23 15 4.00542 2.06583
509 98.31 16 0.89404 2.67583
509 98.31 15 4.12346 2.10167
510 98.39 16 0.80041 2.7
510 98.39 15 4.22547 2.12736
511 98.47 16 0.70442 2.72259
511 98.47 15 4.30703 2.14301
512 98.55 16 0.62953 2.71802
512 98.55 15 4.3973 2.18224
513 98.63 16 0.54741 2.70915
513 98.63 15 4.53898 2.21727
514 98.71 16 0.42478 2.71182
514 98.71 15 4.68339 2.2637
515 98.79 16 0.27229 2.71819
515 98.79 15 4.82719 2.28603
516 98.87 16 0.14576 2.66777
516 98.87 15 4.9412 2.30641
517 98.95 16 0.02776 2.67685
517 98.95 15 5.02669 2.31624
518 99.03 16 -0.06739 2.70523
518 99.03 15 5.09483 2.33937
519 99.11 16 -0.14524 2.72474
519 99.11 15 5.20171 2.39077
520 99.19 16 -0.25259 2.71547
520 99.19 15 5.34056 2.41547
521 99.27 16 -0.39617 2.70257
521 99.27 15 5.48599 2.49294
522 99.35 16 -0.53159 2.6918
522 99.35 15 5.60578 2.5287
523 99.43 16 -0.63783 2.61305
523 99.43 15 5.70592 2.54415
524 99.51 16 -0.75081 2.63163
524 99.51 15 5.78784 2.57092
525 99.59 16 -0.82618 2.64617
525 99.59 15 5.88605 2.58526
526 112.39 18 5.88954 2.96763
526 112.39 17 -1.48787 2.47937
527 112.47 18 5.77538 2.96724
527 112.47 17 -1.3989 2.46714
528 112.55 18 5.65763 2.96951
528 112.55 17 -1.31107 2.44983
529 112.63 18 5.51609 2.98004
529 112.63 17 -1.22069 2.41991
530 112.71 18 5.38713 3.00384
530 112.71 17 -1.07889 2.39197
531 112.79 18 5.27258 2.98924
531 112.79 17 -0.947 2.35414
532 112.87 18 5.17155 2.96202
532 112.87 17 -0.80845 2.31989
533 112.95 18 5.05807 2.97638
533 112.95 17 -0.69231 2.24258
534 113.03 18 4.97537 2.97223
534 113.03 17 -0.59278 2.22775
535 113.11 18 4.83859 2.96289
535 113.11 17 -0.51329 2.24022
536 113.19 18 4.70053 2.95492
536 113.19 17 -0.42319 2.21661
537 113.27 18 4.57556 2.94064
537 113.27 17 -0.28546 2.17095
538 113.35 18 4.44947 2.93875
538 113.35 17 -0.14098 2.09287
539 113.43 18 4.3202 2.93609
539 113.43 17 -0.01345 2.03281
540 113.51 18 4.19719 2.91463
540 113.51 17 0.10419 2.02051
541 113.59 18 4.14158 2.91795
541 113.59 17 0.19664 2.0
542 113.67 18 3.97442 2.85528
542 113.67 17 0.27326 1.97217
543 113.75 18 3.84641 2.87984
543 113.75 17 0.36362 1.93551
544 113.83 18 3.74168 2.89636
544 113.83 17 0.48412 1.89744
545 113.91 18 3.65175 2.88958
545 113.91 17 0.62892 1.84571
546 113.99 18 3.55444 2.88475
546 113.99 17 0.73042 1.75031
547 114.07 18 3.47622 2.88432
547 114.07 17 0.86323 1.74528
548 114.15 18 3.40125 2.87137
548 114.15 17 0.97777 1.7535
549 114.23 18 3.28543 2.87649
549 114.23 17 1.05756 1.74519
550 114.31 18 3.12986 2.87702
550 114.31 17 1.17559 1.72329
551 114.39 18 2.99987 2.84668
551 114.39 17 1.31718 1.69744
552 114.47 18 2.88818 2.8346
552 114.47 17 1.47451 1.66289
553 114.55 18 2.77673 2.82256
553 114.55 17 1.59994 1.61693
554 114.63 18 2.60841 2.76263
554 114.63 17 1.66455 1.55957
555 114.71 18 2.55377 2.78017
555 114.71 17 1.74562 1.55212
556 114.79 18 2.41954 2.76733
556 114.79 17 1.83809 1.54607
557 114.87 18 2.28751 2.76235
557 114.87 17 1.95901 1.54015
558 114.95 18 2.18731 2.80008
558 114.95 17 2.09075 1.49674
559 115.03 18 2.0889 2.81006
559 115.03 17 2.2842 1.55035
560 115.11 18 2.00699 2.80507
560 115.11 17 2.43643 1.57596
561 115.19 18 1.92728 2.80823
561 115.19 17 2.55474 1.59315
562 115.27 18 1.80604 2.81031
562 115.27 17 2.64575 1.60879
563 115.35 18 1.67777 2.79155
563 115.35 17 2.74984 1.62729
564 115.43 18 1.52364 2.79022
564 115.43 17 2.89232 1.65359
565 115.51 18 1.3846 2.75917
565 115.51 17 3.0482 1.6951
566 115.59 18 1.26258 2.72967
566 115.59 17 3.1943 1.72304
567 115.67 18 1.17529 2.75285
567 115.67 17 3.31294 1.74529
568 115.75 18 1.09735 2.75516
568 115.75 17 3.40004 1.75045
569 115.83 18 0.95516 2.75028
569 115.83 17 3.47655 1.77973
570 115.91 18 0.80615 2.72634
570 115.91 17 3.57731 1.80336
571 115.99 18 0.6758 2.64569
571 115.99 17 3.72089 1.8407
572 116.07 18 0.56699 2.68971
572 116.07 17 3.88768 1.89979
573 116.15 18 0.48072 2.69957
573 116.15 17 4.03783 1.93229
574 116.23 18 0.39662 2.70649
574 116.23 17 4.15029 1.97375
575 116.31 18 0.30199 2.70846
575 116.31 17 4.24397 2.01518
576 116.39 18 0.18798 2.69721
576 116.39 17 4.32511 2.05405
577 116.47 18 0.0353 2.69678
577 116.47 17 4.42963 2.08763
578 116.55 18 -0.07864 2.62513
578 116.55 17 4.58576 2.12105
579 116.63 18 -0.19427 2.66476
579 116.63 17 4.72813 2.17698
580 116.71 18 -0.29199 2.70985
580 116.71 17 4.87076 2.20251
581 116.79 18 -0.36571 2.72721
581 116.79 17 4.98244 2.24212
582 116.87 18 -0.45142 2.72508
582 116.87 17 5.06666 2.27793
583 116.95 18 -0.59341 2.71931
583 116.95 17 5.13149 2.28741
584 117.03 18 -0.74566 2.69852
584 117.03 17 5.20831 2.29491
585 117.11 18 -0.84699 2.64431
585 117.11 17 5.34421 2.34936
586 117.19 18 -0.93115 2.64358
586 117.19 17 5.50238 2.41968
587 117.27 18 -1.02986 2.67141
587 117.27 17 5.63736 2.45655
588 117.35 18 -1.10767 2.68119
588 117.35 17 5.75444 2.49984
589 117.43 18 -1.21208 2.67908
589 117.43 17 5.84377 2.53629
590 117.51 18 -1.34594 2.6735
590 117.51 17 5.89508 2.58176
591 125.75 20 5.95126 2.89757
591 125.75 19 -1.23341 2.38319
592 125.83 20 5.8482 2.9302
592 125.83 19 -1.1296 2.34394
593 125.91 20 5.7546 2.93282
593 125.91 19 -0.97483 2.31204
594 125.99 20 5.66347 2.92219
594 125.99 19 -0.82965 2.28497
595 126.07 20 5.56756 2.92887
595 126.07 19 -0.70313 2.20589
596 126.15 20 5.49131 2.92506
596 126.15 19 -0.60916 2.19697
597 126.23 20 5.41003 2.91223
597 126.23 19 -0.52486 2.20632
598 126.31 20 5.30875 2.91024
598 126.31 19 -0.43495 2.19351
599 126.39 20 5.17123 2.91481
599 126.39 19 -0.29851 2.15099
600 126.47 20 5.0359 2.92407
600 126.47 19 -0.13626 2.05303
601 126.55 20 4.90894 2.91525
601 126.55 19 -0.01078 1.98367
602 126.63 20 4.78644 2.9021
602 126.63 19 0.10014 1.97742
603 126.71 20 4.65923 2.88066
603 126.71 19 0.19329 1.94985
604 126.79 20 4.55688 2.87506
604 126.79 19 0.28895 1.93927
605 126.87 20 4.41755 2.83795
605 126.87 19 0.40743 1.91268
606 126.95 20 4.29047 2.80855
606 126.95 19 0.56265 1.86276
607 127.03 20 4.19964 2.84825
607 127.03 19 0.69722 1.79321
608 127.11 20 4.10643 2.87354
608 127.11 19 0.81447 1.7708
609 127.19 20 4.0154 2.87322
609 127.19 19 0.93351 1.77106
610 127.27 20 3.91229 2.87895
610 127.27 19 1.02651 1.7719
611 127.35 20 3.84631 2.87097
611 127.35 19 1.11438 1.7476
612 127.43 20 3.76713 2.85243
612 127.43 19 1.25137 1.70678
613 127.51 20 3.62501 2.86228
613 127.51 19 1.421 1.65386
614 127.59 20 3.49503 2.8451
614 127.59 19 1.55803 1.60672
615 127.67 20 3.35057 2.78516
615 127.67 19 1.63171 1.52582
616 127.75 20 3.24552 2.75933
616 127.75 19 1.69857 1.49384
617 127.83 20 2.99092 2.79278
617 127.83 19 1.79284 1.48736
618 127.91 20 2.93017 2.78629
618 127.91 19 1.90624 1.48625
619 127.99 20 2.87726 2.80324
619 127.99 19 2.04403 1.45869
620 128.07 20 2.73012 2.78466
620 128.07 19 2.25303 1.49846
621 128.15 20 2.59132 2.76792
621 128.15 19 2.41755 1.52294
622 128.23 20 2.48699 2.78669
622 128.23 19 2.53854 1.52581
623 128.31 20 2.38426 2.80051
623 128.31 19 2.63892 1.52699
624 128.39 20 2.30031 2.79569
624 128.39 19 2.70895 1.52215
625 128.47 20 2.21433 2.79341
625 128.47 19 2.8257 1.52898
626 128.55 20 2.10896 2.77872
626 128.55 19 2.98607 1.54454
627 128.63 20 1.96411 2.77997
627 128.63 19 3.13664 1.55435
628 128.71 20 1.81044 2.78018
628 128.71 19 3.26429 1.56056
629 128.79 20 1.66964 2.7619
629 128.79 19 3.35645 1.56113
630 128.87 20 1.5507 2.73892
630 128.87 19 3.43059 1.57057
631 128.95 20 1.46624 2.7491
631 128.95 19 3.49826 1.58287
632 129.03 20 1.38147 2.76082
632 129.03 19 3.61297 1.60698
633 129.11 20 1.27851 2.77153
633 129.11 19 3.77535 1.66205
634 129.19 20 1.13143 2.74513
634 129.19 19 3.92087 1.72235
635 129.27 20 0.99707 2.68527
635 129.27 19 4.05177 1.74416
636 129.35 20 0.87929 2.73293
636 129.35 19 4.16703 1.76782
637 129.43 20 0.79515 2.73723
637 129.43 19 4.2376 1.78943
638 129.51 20 0.72257 2.74153
638 129.51 19 4.31619 1.82224
639 129.59 20 0.61548 2.73871
639 129.59 19 4.45978 1.85139
640 129.67 20 0.49215 2.73494
640 129.67 19 4.61375 1.89235
641 129.76 20 0.3253 2.74608
641 129.76 19 4.74557 1.92051
642 129.83 20 0.19755 2.69907
642 129.83 19 4.84711 1.95565
643 129.92 20 0.07408 2.70647
643 129.92 19 4.93908 1.9728
644 130.0 20 -0.0211 2.73066
644 130.0 19 4.99712 1.97044
645 130.08 20 -0.10984 2.74398
645 130.08 19 5.07414 1.99407
646 130.16 20 -0.20801 2.74698
646 130.16 19 5.1991 2.04459
647 130.24 20 -0.3515 2.74298
647 130.24 19 5.33963 2.12256
648 130.32 20 -0.51107 2.71901
648 130.32 19 5.46007 2.17727
649 130.39 20 -0.6172 2.67588
649 130.39 19 5.57543 2.20286
650 130.48 20 -0.72733 2.67327
650 130.48 19 5.67318 2.23334
651 130.55 20 -0.82728 2.69766
651 130.55 19 5.74152 2.25802
652 130.64 20 -0.91302 2.69481
652 130.64 19 5.79858 2.30705
653 130.72 20 -1.00009 2.67942
653 130.72 19 5.94864 2.34886
654 147.12 21 -1.16564 3.5948
654 147.12 22 6.04322 2.9512
655 147.2 21 -1.09858 3.58278
655 147.2 22 5.92062 2.92108
656 147.28 21 -1.00071 3.56889
656 147.28 22 5.77799 2.90158
657 147.36 21 -0.86632 3.56186
657 147.36 22 5.6743 2.91266
658 147.44 21 -0.7199 3.54514
658 147.44 22 5.57532 2.92607
659 147.52 21 -0.58908 3.5014
659 147.52 22 5.4692 2.93271
660 147.6 21 -0.48802 3.44002
660 147.6 22 5.3798 2.93107
661 147.68 21 -0.40449 3.44046
661 147.68 22 5.3035 2.91861
662 147.76 21 -0.32674 3.45318
662 147.76 22 5.17504 2.92111
663 147.84 21 -0.23115 3.43768
663 147.84 22 5.05556 2.90617
664 147.92 21 -0.1001 3.35374
664 147.92 22 4.92588 2.91508
665 148.0 21 0.02843 3.2252
665 148.0 22 4.79503 2.92539
666 148.08 21 0.14359 3.20303
666 148.08 22 4.66005 2.90826
667 148.16 21 0.26022 3.18092
667 148.16 22 4.56989 2.91489
668 148.24 21 0.34044 3.14278
668 148.24 22 4.45775 2.8771
669 148.32 21 0.40615 3.08199
669 148.32 22 4.34733 2.87316
670 148.4 21 0.49509 3.01749
670 148.4 22 4.23246 2.87563
671 148.48 21 0.62175 2.94036
671 148.48 22 4.13881 2.87549
672 148.56 21 0.73486 2.85489
672 148.56 22 4.04032 2.88139
673 148.64 21 0.81387 2.73229
673 148.64 22 3.93865 2.89508
674 148.72 21 0.90123 2.68862
674 148.72 22 3.87171 2.88879
675 148.8 21 0.98115 2.66496
675 148.8 22 3.80103 2.87904
676 148.88 21 1.07042 2.61932
676 148.88 22 3.70058 2.859
677 148.96 21 1.16652 2.55124
677 148.96 22 3.564 2.85921
678 149.04 21 1.27891 2.45974
678 149.04 22 3.42757 2.87842
679 149.12 21 1.3788 2.33969
679 149.12 22 3.29484 2.8592
680 149.2 21 1.48434 2.29945
680 149.2 22 3.16311 2.84097
681 149.28 21 1.58608 2.28156
681 149.28 22 3.09816 2.83333
682 149.36 21 1.66052 2.2504
682 149.36 22 3.00289 2.82734
683 149.44 21 1.73132 2.20947
683 149.44 22 2.89321 2.81563
684 149.52 21 1.8729 2.16313
684 149.52 22 2.79137 2.75873
685 149.6 21 2.00441 2.10129
685 149.6 22 2.646 2.91373
686 149.68 21 2.12581 2.08827
686 149.68 22 2.53829 2.92014
687 149.76 21 2.2511 2.08071
687 149.76 22 2.4476 2.87366
688 149.84 21 2.34408 2.08818
688 149.84 22 2.40028 2.84188
689 149.92 21 2.42351 2.09817
689 149.92 22 2.32995 2.82843
690 150.0 21 2.55086 2.09731
690 150.0 22 2.22609 2.81631
691 150.08 21 2.69831 2.09692
691 150.08 22 2.08237 2.82485
692 150.16 21 2.83865 2.12138
692 150.16 22 1.95184 2.81908
693 150.24 21 2.94997 2.15575
693 150.24 22 1.80303 2.75522
694 150.32 21 3.03908 2.16443
694 150.32 22 1.7051 2.77268
695 150.4 21 3.11278 2.18695
695 150.4 22 1.63797 2.80044
696 150.48 21 3.17192 2.20639
696 150.48 22 1.55623 2.79566
697 150.56 21 3.25409 2.2309
697 150.56 22 1.41548 2.7889
698 150.64 21 3.41695 2.31101
698 150.64 22 1.26024 2.74312
699 150.72 21 3.56894 2.38935
699 150.72 22 1.15238 2.74568
700 150.8 21 3.6748 2.45398
700 150.8 22 1.05616 2.76093
701 150.88 21 3.78128 2.48305
701 150.88 22 0.95331 2.78502
702 150.96 21 3.85154 2.51747
702 150.96 22 0.88951 2.7822
703 151.04 21 3.91876 2.55917
703 151.04 22 0.78784 2.7735
704 151.12 21 4.02019 2.60781
704 151.12 22 0.66056 2.76202
705 151.2 21 4.16338 2.65938
705 151.2 22 0.5111 2.77009
706 151.28 21 4.29261 2.71189
706 151.28 22 0.38783 2.71376
707 151.36 21 4.40907 2.75821
707 151.36 22 0.27051 2.73235
708 151.44 21 4.50105 2.7877
708 151.44 22 0.194 2.77034
709 151.52 21 4.56307 2.754
709 151.52 22 0.11092 2.78065
710 151.6 21 4.63206 2.77404
710 151.6 22 -0.00339 2.77827
711 151.68 21 4.70149 2.74761
711 151.68 22 -0.15458 2.75738
712 151.76 21 4.88695 2.78218
712 151.76 22 -0.28311 2.71355
713 151.84 21 5.07726 2.85156
713 151.84 22 -0.39205 2.69218
714 151.92 21 5.21978 2.89752
714 151.92 22 -0.49208 2.71481
715 152.0 21 5.34845 2.88519
715 152.0 22 -0.5773 2.73517
716 152.08 21 5.42744 2.90334
716 152.08 22 -0.66176 2.734
717 152.16 21 5.50362 2.91633
717 152.16 22 -0.76767 2.71977
718 152.24 21 5.63669 2.90945
718 152.24 22 -0.90888 2.70233
719 152.32 21 5.77212 2.93912
719 152.32 22 -1.02372 2.65575
720 152.4 21 5.9127 2.95464
720 152.4 22 -1.1597 2.68723
721 152.48 21 6.02835 2.94711
721 152.48 22 -1.26082 2.7164
722 161.93 23 -1.43877 3.40989
722 161.93 24 5.94992 2.92085
723 162.01 23 -1.34648 3.37393
723 162.01 24 5.85501 2.94214
724 162.09 23 -1.25914 3.33728
724 162.09 24 5.74805 2.92951
725 162.17 23 -1.18705 3.3035
725 162.17 24 5.63121 2.93298
726 162.25 23 -1.08946 3.25841
726 162.25 24 5.5493 2.92743
727 162.33 23 -0.96468 3.19837
727 162.33 24 5.4844 2.89684
728 162.41 23 -0.83322 3.13927
728 162.41 24 5.33766 2.90585
729 162.49 23 -0.72364 3.03775
729 162.49 24 5.18909 2.89481
730 162.57 23 -0.64459 2.97019
730 162.57 24 5.04776 2.89792
731 162.65 23 -0.56148 2.94534
731 162.65 24 4.92105 2.87073
732 162.73 23 -0.47595 2.91723
732 162.73 24 4.77303 2.83432
733 162.81 23 -0.35991 2.86069
733 162.81 24 4.65418 2.81816
734 162.89 23 -0.21498 2.7358
734 162.89 24 4.52469 2.79428
735 162.97 23 -0.09534 2.67456
735 162.97 24 4.36868 2.78999
736 163.05 23 0.02725 2.65548
736 163.05 24 4.26653 2.81745
737 163.13 23 0.10036 2.59717
737 163.13 24 4.18108 2.82868
738 163.21 23 0.19977 2.55692
738 163.21 24 4.09196 2.84619
739 163.29 23 0.29667 2.52004
739 163.29 24 4.00296 2.84087
740 163.37 23 0.39653 2.44864
740 163.37 24 3.90749 2.83151
741 163.45 23 0.54158 2.37276
741 163.45 24 3.80582 2.82336
742 163.53 23 0.6502 2.27657
742 163.53 24 3.65882 2.82068
743 163.61 23 0.77553 2.24712
743 163.61 24 3.51592 2.80884
744 163.69 23 0.88574 2.23953
744 163.69 24 3.38153 2.80289
745 163.77 23 0.97707 2.22051
745 163.77 24 3.24126 2.766
746 163.85 23 1.09065 2.17083
746 163.85 24 3.14514 2.76098
747 163.93 23 1.25137 2.10956
747 163.93 24 3.06122 2.76327
748 164.01 23 1.39488 2.05007
748 164.01 24 2.95215 2.77016
749 164.09 23 1.50131 1.98151
749 164.09 24 2.77267 2.74064
750 164.17 23 1.56422 1.92949
750 164.17 24 2.65239 2.74203
751 164.25 23 1.64943 1.92302
751 164.25 24 2.593 2.70399
752 164.33 23 1.75194 1.93061
752 164.33 24 2.60352 2.67221
753 164.41 23 1.86538 1.93366
753 164.41 24 2.35531 2.79468
754 164.49 23 1.98887 1.88901
754 164.49 24 2.28061 2.7708
755 164.57 23 2.18675 1.93998
755 164.57 24 2.16129 2.75355
756 164.65 23 2.32982 1.97837
756 164.65 24 2.01913 2.73408
757 164.73 23 2.43695 1.9914
757 164.73 24 1.87773 2.73335
758 164.81 23 2.5267 1.98376
758 164.81 24 1.75386 2.70253
759 164.89 23 2.61858 1.98053
759 164.89 24 1.64495 2.6856
760 164.97 23 2.75989 1.99253
760 164.97 24 1.54556 2.70302
761 165.05 23 2.92037 2.00196
761 165.05 24 1.46778 2.72528
762 165.13 23 3.06106 2.01421
762 165.13 24 1.33219 2.72506
763 165.21 23 3.16855 2.03287
763 165.21 24 1.18371 2.7064
764 165.29 23 3.24719 2.03922
764 165.29 24 1.04148 2.65338
765 165.37 23 3.30638 2.03408
765 165.37 24 0.94189 2.67935
766 165.45 23 3.39147 2.0485
766 165.45 24 0.85151 2.69828
767 165.53 23 3.54714 2.11116
767 165.53 24 0.76681 2.69627
768 165.61 23 3.71034 2.205
768 165.61 24 0.68787 2.69078
769 165.69 23 3.82543 2.27446
769 165.69 24 0.56492 2.68788
770 165.77 23 3.94185 2.30386
770 165.77 24 0.4029 2.69138
771 165.85 23 4.03298 2.32759
771 165.85 24 0.26717 2.66793
772 165.93 23 4.09986 2.3569
772 165.93 24 0.13467 2.64213
773 166.01 23 4.21265 2.38546
773 166.01 24 0.03035 2.67977
774 166.09 23 4.34672 2.43715
774 166.09 24 -0.0513 2.69909
775 166.17 23 4.49394 2.47476
775 166.17 24 -0.13832 2.70781
776 166.25 23 4.61827 2.50973
776 166.25 24 -0.24629 2.72216
777 166.33 23 4.71973 2.53674
777 166.33 24 -0.40865 2.71268
778 166.41 23 4.79094 2.54624
778 166.41 24 -0.54901 2.68044
779 166.49 23 4.85858 2.55429
779 166.49 24 -0.64477 2.61761
780 166.57 23 4.97515 2.58906
780 166.57 24 -0.75241 2.64841
781 166.65 23 5.1376 2.64986
781 166.65 24 -0.83712 2.66295
782 166.73 23 5.27518 2.69207
782 166.73 24 -0.94159 2.6665
783 166.81 23 5.39536 2.71857
783 166.81 24 -1.05608 2.65325
784 166.89 23 5.47986 2.75302
784 166.89 24 -1.19867 2.63737
785 166.97 23 5.55054 2.76493
785 166.97 24 -1.31942 2.59065
786 167.05 23 5.62399 2.79484
786 167.05 24 -1.47563 2.63125
787 167.13 23 5.7391 2.81564
787 167.13 24 -1.58332 2.64895
788 167.21 23 5.89619 2.82703
788 167.21 24 -1.67869 2.65815
789 167.29 23 6.04657 2.80706
789 167.29 24 -1.76606 2.66022
